#lt    30
#count pbc
#dt    1.0
#dn    30
#edges -4.4394307136535645 -4.350642099380493 -4.261853485107421 -4.17306487083435 -4.084276256561278 -3.9954876422882064 -3.906699028015135 -3.817910413742063 -3.7291217994689916 -3.64033318519592 -3.5515445709228484 -3.4627559566497768 -3.373967342376705 -3.2851787281036335 -3.196390113830562 -3.1076014995574903 -3.0188128852844187 -2.930024271011347 -2.8412356567382755 -2.752447042465204 -2.6636584281921323 -2.5748698139190607 -2.486081199645989 -2.3972925853729175 -2.308503971099846 -2.2197153568267742 -2.1309267425537026 -2.042138128280631 -1.9533495140075594 -1.8645608997344878 -1.7757722854614162 -1.6869836711883446 -1.598195056915273 -1.5094064426422014 -1.4206178283691298 -1.3318292140960581 -1.2430405998229865 -1.154251985549915 -1.0654633712768433 -0.9766747570037717 -0.8878861427307001 -0.7990975284576285 -0.7103089141845569 -0.6215202999114853 -0.5327316856384137 -0.44394307136534206 -0.35515445709227045 -0.26636584281919884 -0.17757722854612723 -0.08878861427305562 1.5987211554602254e-14 0.0887886142730876 0.1775772285461592 0.2663658428192308 0.3551544570923024 0.44394307136537403 0.5327316856384456 0.6215202999115172 0.7103089141845889 0.7990975284576605 0.8878861427307321 0.9766747570038037 1.0654633712768753 1.154251985549947 1.2430405998230185 1.3318292140960901 1.4206178283691617 1.5094064426422333 1.598195056915305 1.6869836711883766 1.7757722854614482 1.8645608997345198 1.9533495140075914 2.042138128280663 2.1309267425537346 2.219715356826806 2.308503971099878 2.3972925853729494 2.486081199646021 2.5748698139190926 2.6636584281921643 2.752447042465236 2.8412356567383075 2.930024271011379 3.0188128852844507 3.1076014995575223 3.196390113830594 3.2851787281036655 3.373967342376737 3.4627559566498087 3.5515445709228803 3.640333185195953 3.7291217994690236 3.8179104137420943 3.9066990280151668 3.9954876422882393 4.08427625656131 4.173064870834381 4.261853485107453 4.350642099380526 4.439430713653596
1022 1021 976 1100 1018 990 896 913 825 848 774 684 603 558 556 517 506 479 350 296 241 197 144 107 65 30 23 11 9 2 0 0 0 0 0 0 0 0 0 0 0 0 0 0 0 0 0 0 0 0 0 0 0 0 0 0 0 0 0 0 0 0 0 0 0 0 0 0 1 0 0 5 10 15 26 54 84 128 160 223 277 351 400 427 507 515 572 577 582 680 730 831 835 846 877 932 909 962 1015 1023
1076 1029 1038 1044 1013 1003 988 929 860 849 810 725 661 663 568 603 541 492 432 390 269 220 170 107 82 45 30 18 8 4 2 0 0 0 0 0 0 0 0 0 0 0 0 0 0 0 0 0 0 0 0 0 0 0 0 0 0 0 0 0 0 0 0 0 0 0 0 0 0 0 0 4 4 13 31 44 63 109 147 184 269 291 308 372 390 486 479 575 532 609 707 744 796 816 885 858 948 984 1012 1026
1057 1052 1016 1054 1091 1030 978 964 855 845 800 695 708 671 688 630 607 556 504 407 334 265 195 140 104 56 33 15 15 13 1 1 0 0 0 0 0 0 0 0 0 0 0 0 0 0 0 0 0 0 0 0 0 0 0 0 0 0 0 0 0 0 0 0 0 0 0 0 0 0 0 0 4 15 27 45 62 81 124 179 178 264 305 299 403 437 426 482 521 574 660 696 761 830 867 889 936 916 936 1027
991 962 997 1046 1086 1117 1029 983 953 962 896 858 818 743 798 713 694 572 537 448 385 285 234 169 105 53 31 25 14 8 3 1 0 0 0 0 0 0 0 0 0 0 0 0 0 0 0 0 0 0 0 0 0 0 0 0 0 0 0 0 0 0 0 0 0 0 0 0 0 0 0 2 2 18 24 43 55 79 129 137 173 225 277 302 329 378 400 417 442 547 593 640 650 752 887 871 890 878 981 968
958 1021 1038 1036 987 1054 1068 1020 1022 982 927 935 921 809 828 762 668 641 590 546 407 323 268 190 124 72 34 19 16 6 0 1 0 0 0 0 0 0 0 0 0 0 0 0 0 0 0 0 0 0 0 0 0 0 0 0 0 0 0 0 0 0 0 0 0 0 0 0 0 0 0 1 5 7 18 30 55 74 93 112 147 169 213 241 252 280 330 370 412 519 529 555 625 756 763 852 925 913 966 951
973 976 1045 1032 1050 1046 1099 1049 1024 1044 1075 1019 890 929 878 779 749 663 633 582 467 414 306 225 145 80 36 23 16 5 1 0 0 0 0 0 0 0 0 0 0 0 0 0 0 0 0 0 0 0 0 0 0 0 0 0 0 0 0 0 0 0 0 0 0 0 0 0 0 0 0 0 2 6 12 30 42 62 88 95 111 139 160 216 241 250 287 326 369 449 430 486 573 641 714 749 810 959 920 924
912 954 982 979 1057 1018 1034 1050 1128 1098 1138 1036 978 977 930 892 869 715 638 616 512 449 318 234 169 97 54 43 12 6 3 1 0 0 0 0 0 0 0 0 0 0 0 0 0 0 0 0 0 0 0 0 0 0 0 0 0 0 0 0 0 0 0 0 0 0 0 0 0 0 0 2 1 2 11 23 37 44 65 75 101 111 131 171 210 233 268 313 333 345 418 446 513 575 698 720 774 804 878 897
935 901 917 1015 1062 1025 1060 1023 1119 1089 1015 1050 1053 1045 1017 1042 901 812 701 597 512 451 361 246 165 111 85 48 18 9 6 3 2 1 0 0 0 0 0 0 0 0 0 0 0 0 0 0 0 0 0 0 0 0 0 0 0 0 0 0 0 0 0 0 0 0 0 0 0 0 0 0 0 2 6 11 31 34 67 77 76 96 122 168 186 196 245 272 296 341 381 427 485 556 584 629 709 815 828 803
823 878 968 981 1059 1054 1067 1054 1090 1085 1026 1137 1057 1121 1085 1061 987 946 769 668 596 493 359 239 168 109 90 59 34 18 14 7 3 0 0 0 0 0 0 0 0 0 0 0 0 0 0 0 0 0 0 0 0 0 0 0 0 0 0 0 0 0 0 0 0 0 0 0 0 0 0 0 1 1 3 16 16 27 35 52 55 100 102 158 197 192 225 205 272 272 349 369 444 429 511 614 633 720 709 806
858 863 876 973 963 1027 1027 1042 1045 1100 1079 1129 1065 1138 1190 1195 976 1002 886 792 698 525 399 299 193 141 76 64 35 30 15 10 2 0 0 0 0 0 0 0 0 0 0 0 0 0 0 0 0 0 0 0 0 0 0 0 0 0 0 0 0 0 0 0 0 0 0 0 0 0 0 0 1 0 6 12 12 24 36 47 78 92 93 120 168 195 208 211 227 274 293 354 416 414 477 507 568 624 691 747
730 805 925 887 957 956 1012 1021 1070 1100 1102 1080 1194 1166 1171 1137 1072 1058 962 894 748 618 463 336 229 166 109 52 45 22 14 9 1 0 0 0 0 0 0 0 0 0 0 0 0 0 0 0 0 0 0 0 0 0 0 0 0 0 0 0 0 0 0 0 0 0 0 0 0 0 0 0 0 4 6 8 8 14 29 40 60 61 72 104 131 154 139 210 216 264 248 327 392 401 395 427 511 593 643 695
744 825 796 859 892 995 957 1000 1056 1115 1066 1104 1184 1204 1231 1240 1159 1079 1055 942 812 698 551 370 232 185 121 100 63 38 24 4 2 0 0 0 0 0 0 0 0 0 0 0 0 0 0 0 0 0 0 0 0 0 0 0 0 0 0 0 0 0 0 0 0 0 0 0 0 0 0 0 0 3 2 9 16 17 27 35 40 51 60 58 95 110 115 161 198 232 277 289 336 351 325 399 450 507 573 707
709 678 730 793 882 968 965 997 1090 1061 1030 1134 1200 1217 1212 1247 1284 1225 1122 1132 953 788 591 438 296 193 168 109 65 43 23 14 2 0 0 0 0 0 0 0 0 0 0 0 0 0 0 0 0 0 0 0 0 0 0 0 0 0 0 0 0 0 0 0 0 0 0 0 0 0 0 0 1 0 4 3 5 11 28 40 39 50 47 76 85 82 124 135 155 203 269 259 290 315 323 374 441 488 542 657
592 667 717 728 832 931 919 1084 1032 1138 1058 1113 1248 1249 1295 1206 1349 1300 1264 1226 1007 875 726 511 340 214 145 118 73 46 34 15 2 0 0 0 0 0 0 0 0 0 0 0 0 0 0 0 0 0 0 0 0 0 0 0 0 0 0 0 0 0 0 0 0 0 0 0 0 0 0 0 0 2 0 3 4 12 17 26 35 32 46 60 81 93 111 124 173 162 207 229 257 280 315 305 416 496 498 611
613 649 662 701 793 800 940 991 968 1078 1072 1232 1216 1307 1339 1320 1372 1384 1344 1230 1135 953 745 551 378 262 201 120 85 56 28 12 7 2 0 0 0 0 0 0 0 0 0 0 0 0 0 0 0 0 0 0 0 0 0 0 0 0 0 0 0 0 0 0 0 0 0 0 0 0 0 0 0 0 0 1 3 11 17 23 28 31 39 58 68 89 91 107 131 142 152 166 239 276 282 365 371 408 504 535
524 593 635 712 732 751 890 945 970 1025 1134 1174 1264 1338 1253 1380 1480 1483 1415 1233 1184 993 821 616 430 319 222 141 99 56 30 14 7 4 0 0 0 0 0 0 0 0 0 0 0 0 0 0 0 0 0 0 0 0 0 0 0 0 0 0 0 0 0 0 0 0 0 0 0 0 0 0 0 0 0 0 3 4 11 21 21 23 36 52 66 63 93 105 100 105 127 163 191 240 283 318 341 412 459 467
523 575 604 686 723 693 824 875 1004 1024 1122 1188 1230 1320 1361 1369 1361 1372 1374 1311 1211 1084 843 635 503 368 257 186 104 70 30 16 5 2 4 0 0 0 0 0 0 0 0 0 0 0 0 0 0 0 0 0 0 0 0 0 0 0 0 0 0 0 0 0 0 0 0 0 0 0 0 0 0 1 0 1 5 6 7 9 10 26 17 42 48 57 87 81 91 102 118 154 170 209 233 303 329 341 388 453
485 551 573 617 597 694 742 776 908 1034 1052 1135 1251 1249 1294 1435 1392 1362 1352 1275 1223 1048 885 660 500 418 277 207 147 68 43 32 7 12 1 2 0 0 0 0 0 0 0 0 0 0 0 0 0 0 0 0 0 0 0 0 0 0 0 0 0 0 0 0 0 0 0 0 0 0 0 0 0 0 1 2 2 6 3 7 13 10 21 24 33 59 48 71 80 97 112 126 163 171 195 224 302 363 350 417
432 487 488 562 562 673 712 768 755 866 1055 1089 1115 1261 1247 1310 1357 1402 1294 1204 1200 1027 866 729 570 460 318 218 153 88 53 28 20 9 4 2 1 0 0 0 0 0 0 0 0 0 0 0 0 0 0 0 0 0 0 0 0 0 0 0 0 0 0 0 0 0 0 0 0 0 0 0 0 0 0 0 1 0 5 7 9 8 6 21 34 51 49 55 76 94 97 125 152 124 162 214 234 322 310 356
310 369 444 504 556 578 649 684 742 811 951 987 1063 1183 1247 1202 1271 1249 1285 1236 1246 1101 924 778 606 470 316 207 142 73 45 34 31 15 9 5 0 0 0 0 0 0 0 0 0 0 0 0 0 0 0 0 0 0 0 0 0 0 0 0 0 0 0 0 0 0 0 0 0 0 0 0 0 0 0 0 0 0 2 4 6 12 9 10 26 37 29 32 48 69 88 107 94 140 131 169 194 207 274 279
265 313 376 407 481 489 556 589 604 674 764 844 944 1019 1190 1172 1200 1141 1160 1202 1127 1065 907 762 633 497 357 239 119 80 48 37 34 24 10 6 1 0 1 0 0 0 0 0 0 0 0 0 0 0 0 0 0 0 0 0 0 0 0 0 0 0 0 0 0 0 0 0 0 0 0 0 0 0 0 0 0 1 2 2 4 8 7 9 20 16 26 28 41 33 48 70 86 99 107 142 163 171 221 235
187 270 320 321 350 413 456 505 521 591 622 706 758 832 922 1031 1031 1050 1091 1104 1062 987 904 759 640 534 357 248 144 62 49 59 22 22 11 4 1 0 0 2 1 0 0 0 0 0 0 0 0 0 0 0 0 0 0 0 0 0 0 0 0 0 0 0 0 0 0 0 0 0 0 0 0 0 0 0 0 0 0 3 1 1 4 9 16 16 18 21 22 37 31 55 68 72 72 96 106 160 160 187
169 186 206 265 282 310 368 408 455 478 496 616 629 660 706 788 862 924 948 978 948 810 783 672 606 548 414 253 146 77 55 39 42 24 15 3 1 1 0 2 1 0 0 0 0 0 0 0 0 0 0 0 0 0 0 0 0 0 0 0 0 0 0 0 0 0 0 0 0 0 0 0 0 0 0 0 0 0 0 0 0 1 1 2 7 7 14 11 14 14 25 27 36 39 55 72 83 103 120 145
111 160 163 183 219 225 253 287 374 385 413 470 461 492 525 583 644 696 745 701 716 698 739 626 570 502 410 282 166 119 69 58 46 23 17 9 0 2 3 2 0 1 0 0 0 0 0 0 0 0 0 0 0 0 0 0 0 0 0 0 0 0 0 0 0 0 0 0 0 0 0 0 0 0 0 0 0 0 0 0 1 1 0 1 4 8 13 5 16 10 16 20 14 20 26 41 51 80 100 107
86 77 124 115 144 173 180 229 249 249 283 320 381 363 434 454 501 536 581 595 585 564 544 537 532 471 432 320 193 134 100 71 60 48 30 6 5 1 3 2 0 0 0 0 0 0 0 0 0 0 0 0 0 0 0 0 0 0 0 0 0 0 0 0 0 0 0 0 0 0 0 0 0 0 0 0 0 0 0 0 0 0 0 0 1 3 4 4 13 11 6 8 11 15 24 32 48 59 73 76
38 51 63 80 107 115 148 163 153 201 195 193 262 265 314 331 365 451 479 521 507 489 448 395 453 422 403 345 254 157 135 117 95 53 26 7 5 4 7 5 3 0 0 0 0 0 0 0 0 0 0 0 0 0 0 0 0 0 0 0 0 0 0 0 0 0 0 0 0 0 0 0 0 0 0 0 0 0 0 0 0 0 0 0 0 0 0 2 2 5 7 8 10 6 7 16 34 33 46 46
30 37 37 45 61 64 77 94 102 108 115 138 150 175 194 231 323 341 367 445 415 433 387 340 359 363 391 362 285 200 185 138 119 72 35 20 13 4 8 5 3 0 0 0 0 0 0 0 0 0 0 0 0 0 0 0 0 0 0 0 0 0 0 0 0 0 0 0 0 0 0 0 0 0 0 0 0 0 0 0 0 0 0 0 0 0 0 1 1 5 2 5 7 0 9 10 14 24 25 22
23 18 27 35 34 31 45 49 54 68 68 72 96 117 119 184 218 247 297 320 331 325 340 326 329 335 339 335 335 284 250 226 165 108 72 37 19 11 7 3 0 1 0 0 0 0 0 0 0 0 0 0 0 0 0 0 0 0 0 0 0 0 0 0 0 0 0 0 0 0 0 0 0 0 0 0 0 0 0 0 0 0 0 0 0 0 0 1 1 0 4 5 5 3 4 11 12 10 15 16
10 10 18 15 16 30 30 34 41 36 48 39 65 62 93 115 159 138 176 203 205 241 250 261 287 293 309 327 317 355 313 273 227 168 101 60 26 21 9 14 6 1 0 0 0 0 0 0 0 0 0 0 0 0 0 0 0 0 0 0 0 0 0 0 0 0 0 0 0 0 0 0 0 0 0 0 0 0 0 0 0 0 0 0 0 0 0 0 1 1 1 3 4 2 7 4 4 3 1 12
1 8 8 10 17 17 21 20 30 17 24 25 24 34 51 56 70 105 106 115 141 143 191 227 213 274 278 324 357 374 387 371 327 273 183 103 79 42 28 18 5 8 0 0 0 0 0 0 0 0 0 0 0 0 0 0 0 0 0 0 0 0 0 0 0 0 0 0 0 0 0 0 0 0 0 0 0 0 0 0 0 0 0 0 0 0 0 0 0 0 1 0 3 4 0 2 1 4 5 1
4 4 5 7 18 14 15 13 21 21 11 11 16 23 22 37 48 72 81 88 94 115 119 139 194 180 235 318 355 420 438 500 438 434 292 225 115 93 55 49 19 10 7 1 1 0 0 0 0 0 0 0 0 0 0 0 0 0 0 0 0 0 0 0 0 0 0 0 0 0 0 0 0 0 0 0 0 0 0 0 0 0 0 0 0 0 0 0 0 0 0 0 0 0 1 2 2 2 1 2
2 4 3 5 7 10 13 8 9 4 5 10 4 15 18 26 46 38 43 58 71 84 116 122 131 140 182 289 379 432 560 622 648 562 460 342 219 159 122 70 41 23 6 1 0 0 0 0 0 0 0 0 0 0 0 0 0 0 0 0 0 0 0 0 0 0 0 0 0 0 0 0 0 0 0 0 0 0 0 0 0 0 0 0 0 0 0 0 0 0 0 0 0 0 0 0 2 0 2 2
3 3 4 4 6 9 10 11 2 2 3 3 15 10 13 20 16 16 31 40 47 54 63 77 90 121 160 236 322 446 565 670 747 752 634 505 327 239 150 95 55 31 12 6 3 0 0 0 0 0 0 0 0 0 0 0 0 0 0 0 0 0 0 0 0 0 0 0 0 0 0 0 0 0 0 0 0 0 0 0 0 0 0 0 0 0 0 0 0 0 0 0 0 0 0 0 0 1 0 2
0 0 0 0 2 1 3 2 5 1 0 5 5 5 6 5 8 13 18 22 30 42 59 54 61 66 116 200 281 393 518 681 803 831 743 667 514 294 217 148 80 55 23 16 2 0 0 0 0 0 0 0 0 0 0 0 0 0 0 0 0 0 0 0 0 0 0 0 0 0 0 0 0 0 0 0 0 0 0 0 0 0 0 0 0 0 0 0 0 0 0 0 0 0 0 0 0 0 0 3
0 0 0 1 0 0 0 0 0 0 1 3 3 0 1 0 4 4 13 7 13 32 19 35 26 42 83 128 187 293 382 562 714 823 820 726 592 481 317 206 131 72 40 10 1 0 0 0 0 0 0 0 0 0 0 0 0 0 0 0 0 0 0 0 0 0 0 0 0 0 0 0 0 0 0 0 0 0 0 0 0 0 0 0 0 0 0 0 0 0 0 0 0 0 0 0 0 0 1 0
0 0 0 0 0 0 0 0 0 0 4 1 0 0 0 2 4 5 10 13 8 11 16 11 9 21 24 61 113 180 301 419 556 690 832 837 736 647 437 347 172 83 61 20 3 0 0 0 0 0 0 0 0 0 0 0 0 0 0 0 0 0 0 0 0 0 0 0 0 0 0 0 0 0 0 0 0 0 0 0 0 0 0 0 0 0 0 0 0 0 0 0 0 0 0 0 0 0 0 0
0 0 0 0 0 0 0 0 0 0 0 0 0 0 0 1 2 5 6 11 4 5 5 3 3 3 14 25 40 84 159 315 420 588 721 771 776 770 626 414 258 142 54 26 3 2 0 0 0 0 0 0 0 0 0 0 0 0 0 0 0 0 0 0 0 0 0 0 0 0 0 0 0 0 0 0 0 0 0 0 0 0 0 0 0 0 0 0 0 0 0 0 0 0 0 0 0 0 0 0
0 0 0 0 0 0 0 0 0 0 0 0 0 0 0 1 1 4 0 3 4 9 3 2 1 4 5 16 23 48 103 184 301 440 521 702 820 819 693 499 351 193 90 35 10 3 1 0 0 0 0 0 0 0 0 0 0 0 0 0 0 0 0 0 0 0 0 0 0 0 0 0 0 0 0 0 0 0 0 0 0 0 0 0 0 0 0 0 0 0 0 0 0 0 0 0 0 0 0 0
0 0 0 0 0 0 0 0 0 0 0 0 0 0 2 3 0 1 4 5 7 5 3 3 2 0 1 14 13 26 56 107 168 285 381 533 674 714 655 556 394 224 112 52 16 2 0 0 0 0 0 0 0 0 0 0 0 0 0 0 0 0 0 0 0 0 0 0 0 0 0 0 0 0 0 0 0 0 0 0 0 0 0 0 0 0 0 0 0 0 0 0 0 0 0 0 0 0 0 0
0 0 0 0 0 0 0 0 0 0 0 0 0 0 0 2 0 1 1 0 2 1 3 0 0 2 3 6 15 24 41 69 97 149 249 338 492 549 586 432 358 249 144 71 26 5 3 2 0 0 0 0 0 0 0 0 0 0 0 0 0 0 0 0 0 0 0 0 0 0 0 0 0 0 0 0 0 0 0 0 0 0 0 0 0 0 0 0 0 0 0 0 0 0 0 0 0 0 0 0
0 0 0 0 0 0 0 0 0 0 0 0 0 0 0 0 0 0 0 0 0 0 1 1 1 2 1 2 9 12 26 38 70 100 128 211 286 383 406 350 307 239 160 85 29 12 4 3 0 0 0 0 0 0 0 0 0 0 0 0 0 0 0 0 0 0 0 0 0 0 0 0 0 0 0 0 0 0 0 0 0 0 0 0 0 0 0 0 0 0 0 0 0 0 0 0 0 0 0 0
0 0 0 0 0 0 0 0 0 0 0 0 0 0 0 0 0 0 0 0 0 0 0 1 1 1 0 1 4 4 11 24 53 59 75 140 170 233 225 287 215 165 135 55 45 21 6 1 0 0 0 0 0 0 0 0 0 0 0 0 0 0 0 0 0 0 0 0 0 0 0 0 0 0 0 0 0 0 0 0 0 0 0 0 0 0 0 0 0 0 0 0 0 0 0 0 0 0 0 0
0 0 0 0 0 0 0 0 0 0 0 0 0 0 0 0 0 0 0 0 0 0 0 0 0 0 0 0 0 0 3 14 24 37 39 67 94 121 141 153 178 137 104 60 28 30 9 0 1 0 0 0 0 0 0 0 0 0 0 0 0 0 0 0 0 0 0 0 0 0 0 0 0 0 0 0 0 0 0 0 0 0 0 0 0 0 0 0 0 0 0 0 0 0 0 0 0 0 0 0
0 0 0 0 0 0 0 0 0 0 0 0 0 0 0 0 0 0 0 0 0 0 0 0 0 0 0 0 0 0 2 1 7 16 25 23 57 52 65 69 84 80 76 34 23 16 10 1 0 0 0 0 0 0 0 0 0 0 0 0 0 0 0 0 0 0 0 0 0 0 0 0 0 0 0 0 0 0 0 0 0 0 0 0 0 0 0 0 0 0 0 0 0 0 0 0 0 0 0 0
0 0 0 0 0 0 0 0 0 0 0 0 0 0 0 0 0 0 0 0 0 0 0 0 0 0 0 0 0 0 0 0 2 6 6 12 14 18 25 34 35 41 32 23 16 8 4 0 0 0 0 0 0 0 0 0 0 0 0 0 0 0 0 0 0 0 0 0 0 0 0 0 0 0 0 0 0 0 0 0 0 0 0 0 0 0 0 0 0 0 0 0 0 0 0 0 0 0 0 0
0 0 0 0 0 0 0 0 0 0 0 0 0 0 0 0 0 0 0 0 0 0 0 0 0 0 0 0 0 0 0 0 0 5 4 8 1 11 20 14 15 17 19 16 8 5 0 0 0 0 0 0 0 0 0 0 0 0 0 0 0 0 0 0 0 0 0 0 0 0 0 0 0 0 0 0 0 0 0 0 0 0 0 0 0 0 0 0 0 0 0 0 0 0 0 0 0 0 0 0
0 0 0 0 0 0 0 0 0 0 0 0 0 0 0 0 0 0 0 0 0 0 0 0 0 0 0 0 0 0 0 0 0 6 0 2 1 0 8 6 9 4 2 8 3 1 2 0 0 0 0 0 0 0 0 0 0 0 0 0 0 0 0 0 0 0 0 0 0 0 0 0 0 0 0 0 0 0 0 0 0 0 0 0 0 0 0 0 0 0 0 0 0 0 0 0 0 0 0 0
0 0 0 0 0 0 0 0 0 0 0 0 0 0 0 0 0 0 0 0 0 0 0 0 0 0 0 0 0 0 0 0 0 0 0 0 0 3 1 3 0 0 0 0 0 0 0 0 0 0 0 0 0 0 0 0 0 0 0 0 0 0 0 0 0 0 0 0 0 0 0 0 0 0 0 0 0 0 0 0 0 0 0 0 0 0 0 0 0 0 0 0 0 0 0 0 0 0 0 0
0 0 0 0 0 0 0 0 0 0 0 0 0 0 0 0 0 0 0 0 0 0 0 0 0 0 0 0 0 0 0 0 0 0 0 0 0 0 0 1 0 0 0 0 0 0 0 0 0 0 0 0 0 0 0 0 0 0 0 0 0 0 0 0 0 0 0 0 0 0 0 0 0 0 0 0 0 0 0 0 0 0 0 0 0 0 0 0 0 0 0 0 0 0 0 0 0 0 0 0
0 0 0 0 0 0 0 0 0 0 0 0 0 0 0 0 0 0 0 0 0 0 0 0 0 0 0 0 0 0 0 0 0 0 0 0 0 0 0 0 0 0 0 0 0 0 0 0 0 0 0 0 0 0 0 0 0 0 0 0 0 0 0 0 0 0 0 0 0 0 0 0 0 0 0 0 0 0 0 0 0 0 0 0 0 0 0 0 0 0 0 0 0 0 0 0 0 0 0 0
0 0 0 0 0 0 0 0 0 0 0 0 0 0 0 0 0 0 0 0 0 0 0 0 0 0 0 0 0 0 0 0 0 0 0 0 0 0 0 0 0 0 0 0 0 0 0 0 0 0 0 0 0 0 0 0 0 0 0 0 0 0 0 0 0 0 0 0 0 0 0 0 0 0 0 0 0 0 0 0 0 0 0 0 0 0 0 0 0 0 0 0 0 0 0 0 0 0 0 0
0 0 0 0 0 0 0 0 0 0 0 0 0 0 0 0 0 0 0 0 0 0 0 0 0 0 0 0 0 0 0 0 0 0 0 0 0 0 0 0 0 0 0 0 0 0 0 0 0 0 0 0 0 0 0 0 0 0 0 0 0 0 0 0 0 0 0 0 0 0 0 0 0 0 0 0 0 0 0 0 0 0 0 0 0 0 0 0 0 0 0 0 0 0 0 0 0 0 0 0
0 0 0 0 0 0 0 0 0 0 0 0 0 0 0 0 0 0 0 0 0 0 0 0 0 0 0 0 0 0 0 0 0 0 0 0 0 0 0 0 0 0 0 0 0 0 0 0 0 0 0 0 0 0 0 0 0 0 0 0 0 0 0 0 0 0 0 0 0 0 0 0 0 0 0 0 0 0 0 0 0 0 0 0 0 0 0 0 0 0 0 0 0 0 0 0 0 0 0 0
0 0 0 0 0 0 0 0 0 0 0 0 0 0 0 0 0 0 0 0 0 0 0 0 0 0 0 0 0 0 0 0 0 0 0 0 0 0 0 0 0 0 0 0 0 0 0 0 0 0 0 0 0 0 0 0 0 0 0 0 0 0 0 0 0 0 0 0 0 0 0 0 0 0 0 0 0 0 0 0 0 0 0 0 0 0 0 0 0 0 0 0 0 0 0 0 0 0 0 0
0 0 0 0 0 0 0 0 0 0 0 0 0 0 0 0 0 0 0 0 0 0 0 0 0 0 0 0 0 0 0 0 0 0 0 0 0 0 0 0 0 0 0 0 0 0 0 0 0 0 0 0 0 0 0 0 0 0 0 0 0 0 0 0 0 0 0 0 0 0 0 0 0 0 0 0 0 0 0 0 0 0 0 0 0 0 0 0 0 0 0 0 0 0 0 0 0 0 0 0
0 0 0 0 0 0 0 0 0 0 0 0 0 0 0 0 0 0 0 0 0 0 0 0 0 0 0 0 0 0 0 0 0 0 0 0 0 0 0 0 0 0 0 0 0 0 0 0 0 0 0 0 0 0 0 0 0 0 0 0 0 0 0 0 0 0 0 0 0 0 0 0 0 0 0 0 0 0 0 0 0 0 0 0 0 0 0 0 0 0 0 0 0 0 0 0 0 0 0 0
0 0 0 0 0 0 0 0 0 0 0 0 0 0 0 0 0 0 0 0 0 0 0 0 0 0 0 0 0 0 0 0 0 0 0 0 0 0 0 0 0 0 0 0 0 0 0 0 0 0 0 0 0 0 0 0 0 0 0 0 0 0 0 0 0 0 0 0 0 0 0 0 0 0 0 0 0 0 0 0 0 0 0 0 0 0 0 0 0 0 0 0 0 0 0 0 0 0 0 0
0 0 0 0 0 0 0 0 0 0 0 0 0 0 0 0 0 0 0 0 0 0 0 0 0 0 0 0 0 0 0 0 0 0 0 0 0 0 0 0 0 0 0 0 0 0 0 0 0 0 0 0 0 0 0 0 0 0 0 0 0 2 0 0 0 0 0 0 0 0 0 0 0 0 0 0 0 0 0 0 0 0 0 0 0 0 0 0 0 0 0 0 0 0 0 0 0 0 0 0
0 0 0 0 0 0 0 0 0 0 0 0 0 0 0 0 0 0 0 0 0 0 0 0 0 0 0 0 0 0 0 0 0 0 0 0 0 0 0 0 0 0 0 0 0 0 0 0 0 0 0 0 0 0 0 0 0 0 0 1 1 9 2 8 3 4 3 1 2 0 0 0 0 0 0 0 0 0 0 0 0 0 0 0 0 0 0 0 0 0 0 0 0 0 0 0 0 0 0 0
0 0 0 0 0 0 0 0 0 0 0 0 0 0 0 0 0 0 0 0 0 0 0 0 0 0 0 0 0 0 0 0 0 0 0 0 0 0 0 0 0 0 0 0 0 0 0 0 0 0 0 0 0 0 0 0 0 0 1 7 14 30 39 49 48 16 15 13 4 2 0 0 0 0 0 1 0 0 0 0 0 0 0 0 0 0 0 0 0 0 0 0 0 0 0 0 0 0 0 0
0 0 0 0 0 0 0 0 0 0 0 0 0 0 0 0 0 0 0 0 0 0 0 0 0 0 0 0 0 0 0 0 0 0 0 0 0 0 0 0 0 0 0 0 0 0 0 0 0 0 0 0 0 0 0 0 0 1 0 21 48 95 120 135 123 91 65 42 21 13 1 1 0 0 0 0 1 1 0 0 0 1 0 0 0 0 0 0 0 0 0 0 0 0 0 0 0 0 0 0
0 0 0 0 0 0 0 0 0 0 0 0 0 0 0 0 0 0 0 0 0 0 0 0 0 0 0 0 0 0 0 0 0 0 0 0 0 0 0 0 0 0 0 0 0 0 0 0 0 0 0 0 0 0 0 0 0 0 5 34 111 191 269 267 265 206 146 85 48 18 16 4 5 1 0 1 0 2 1 2 3 1 0 0 0 0 0 0 0 0 0 0 0 0 0 0 0 0 0 0
0 0 0 0 0 0 0 0 0 0 0 0 0 0 0 0 0 0 0 0 0 0 0 0 0 0 0 0 0 0 0 0 0 0 0 0 0 0 0 0 0 0 0 0 0 0 0 0 0 0 0 0 0 0 0 0 0 0 3 33 123 277 446 546 486 413 305 186 123 60 34 11 7 3 3 2 1 0 4 3 3 0 1 1 0 0 0 0 0 0 0 0 0 0 0 0 0 0 0 0
0 0 0 0 0 0 0 0 0 0 0 0 0 0 0 0 0 0 0 0 0 0 0 0 0 0 0 0 0 0 0 0 0 0 0 0 0 0 0 0 0 0 0 0 0 0 0 0 0 0 0 0 0 0 0 0 0 0 10 36 147 301 509 643 736 701 563 421 233 136 79 35 16 8 7 3 1 1 5 9 4 1 0 2 2 4 1 0 1 0 0 0 0 0 0 0 0 0 0 0
0 0 0 0 0 0 0 0 0 0 0 0 0 0 0 0 0 0 0 0 0 0 0 0 0 0 0 0 0 0 0 0 0 0 0 0 0 0 0 0 0 0 0 0 0 0 0 0 0 0 0 0 0 0 0 0 0 0 5 35 96 218 473 719 966 1035 866 639 412 259 165 83 27 10 16 11 8 6 5 2 2 1 1 3 1 1 2 1 2 2 2 1 0 0 0 0 0 0 0 0
0 0 0 0 0 0 0 0 0 0 0 0 0 0 0 0 0 0 0 0 0 0 0 0 0 0 0 0 0 0 0 0 0 0 0 0 0 0 0 0 0 0 0 0 0 0 0 0 0 0 0 0 0 0 0 0 0 1 3 28 77 163 386 642 978 1206 1100 872 642 409 260 146 68 45 22 25 20 14 8 5 4 2 3 3 3 1 0 0 0 4 4 0 0 0 2 0 0 0 0 0
0 0 0 0 0 0 0 0 0 0 0 0 0 0 0 0 0 0 0 0 0 0 0 0 0 0 0 0 0 0 0 0 0 0 0 0 0 0 0 0 0 0 0 0 0 0 0 0 0 0 0 0 0 0 0 0 0 0 2 7 43 98 252 523 808 988 1051 1013 835 598 358 219 135 71 53 33 35 38 10 13 1 7 5 5 4 1 3 2 3 6 1 3 2 3 0 2 0 0 0 1
2 1 0 0 0 0 0 0 0 0 0 0 0 0 0 0 0 0 0 0 0 0 0 0 0 0 0 0 0 0 0 0 0 0 0 0 0 0 0 0 0 0 0 0 0 0 0 0 0 0 0 0 0 0 0 0 0 0 0 7 9 59 166 354 575 802 925 959 888 692 475 279 193 117 86 73 55 49 45 22 14 16 20 23 16 8 3 6 6 6 12 4 0 3 3 2 2 2 1 2
2 0 0 0 0 0 0 0 0 0 0 0 0 0 0 0 0 0 0 0 0 0 0 0 0 0 0 0 0 0 0 0 0 0 0 0 0 0 0 0 0 0 0 0 0 0 0 0 0 0 0 0 0 0 0 0 0 0 0 2 12 29 94 224 382 553 709 758 741 644 502 348 230 166 97 77 75 96 72 44 40 40 37 37 37 22 16 7 9 8 3 7 3 6 5 6 4 3 0 3
1 3 1 0 0 0 0 0 0 0 0 0 0 0 0 0 0 0 0 0 0 0 0 0 0 0 0 0 0 0 0 0 0 0 0 0 0 0 0 0 0 0 0 0 0 0 0 0 0 0 0 0 0 0 0 0 0 0 0 2 9 35 65 111 202 362 490 604 531 517 461 350 258 199 148 111 114 101 81 80 86 73 60 71 53 41 30 15 19 19 14 2 1 4 5 2 8 6 3 2
2 3 1 1 0 0 0 0 0 0 0 0 0 0 0 0 0 0 0 0 0 0 0 0 0 0 0 0 0 0 0 0 0 0 0 0 0 0 0 0 0 0 0 0 0 0 0 0 0 0 0 0 0 0 0 0 0 0 1 2 7 33 40 81 112 183 306 377 413 405 420 386 273 225 242 159 157 111 110 109 130 98 91 87 80 50 40 29 32 22 20 15 8 4 10 7 6 4 6 1
6 7 4 1 2 1 0 0 0 0 0 0 0 0 0 0 0 0 0 0 0 0 0 0 0 0 0 0 0 0 0 0 0 0 0 0 0 0 0 0 0 0 0 0 0 0 0 0 0 0 0 0 0 0 0 0 0 0 0 0 6 12 23 42 64 96 121 226 264 326 330 358 312 296 266 240 203 152 131 156 158 146 124 108 108 83 69 70 55 40 32 42 35 17 18 15 9 4 7 2
14 9 4 5 3 3 4 5 4 0 2 0 0 1 0 0 0 0 0 0 0 0 0 0 0 0 0 0 0 0 0 0 0 0 0 0 0 0 0 0 0 0 0 0 0 0 0 0 0 0 0 0 0 0 0 0 0 0 0 0 2 10 11 25 35 47 61 115 204 236 269 313 345 341 312 297 267 231 232 184 188 190 184 158 138 123 125 118 107 67 65 75 49 48 29 26 29 16 17 5
21 20 11 6 8 7 8 16 3 2 2 1 1 0 1 1 0 0 0 0 0 0 0 0 0 0 0 0 0 0 0 0 0 0 0 0 0 0 0 0 0 0 0 0 0 0 0 0 0 0 0 0 0 0 0 0 0 0 0 0 0 2 5 13 14 31 39 66 88 139 202 270 349 366 340 344 357 300 318 287 288 262 261 249 219 208 219 193 163 162 134 100 96 58 53 58 38 38 30 25
37 34 20 14 8 11 16 15 9 9 6 4 3 4 2 2 0 3 2 0 0 0 0 0 0 0 0 0 0 0 0 0 0 0 0 0 0 0 0 0 0 0 0 0 0 0 0 0 0 0 0 0 0 0 0 0 0 0 0 0 3 4 4 10 14 22 30 37 62 94 157 222 293 333 418 409 429 420 421 416 402 373 405 369 321 297 336 271 293 255 208 170 182 146 119 90 80 52 46 43
67 58 43 37 24 23 15 19 15 8 9 2 7 6 7 4 6 6 1 1 0 0 0 1 0 0 0 0 0 0 0 0 0 0 0 0 0 0 0 0 0 0 0 0 0 0 0 0 0 0 0 0 0 0 0 0 0 0 0 1 1 1 4 1 9 21 18 29 26 66 100 176 250 304 402 474 492 547 563 555 553 578 513 502 476 493 430 403 399 352 306 263 254 209 182 128 127 78 84 72
92 77 69 57 43 35 22 26 18 15 11 4 9 10 14 8 9 1 2 2 1 0 1 1 0 1 0 0 0 0 0 0 0 0 0 0 0 0 0 0 0 0 0 0 0 0 0 0 0 0 0 0 0 0 0 0 0 0 0 0 0 0 0 6 7 9 11 21 25 28 95 149 229 287 438 482 576 626 732 753 737 694 703 700 700 622 573 532 517 409 389 387 312 320 312 231 181 168 102 108
125 119 108 78 46 39 30 30 28 18 11 12 16 13 13 14 12 13 3 4 4 2 3 1 3 0 0 0 0 0 0 0 0 0 0 0 0 0 0 0 0 0 0 0 0 0 0 0 0 0 0 0 0 0 0 0 0 0 0 0 0 0 0 2 5 5 15 27 37 40 83 122 193 289 405 496 633 742 819 870 935 869 932 842 834 736 741 690 573 550 480 446 433 382 343 266 240 210 179 136
189 170 141 104 67 51 55 35 26 23 21 22 25 25 14 15 22 9 6 1 3 3 7 4 0 0 0 0 0 0 0 0 0 0 0 0 0 0 0 0 0 0 0 0 0 0 0 0 0 0 0 0 0 0 0 0 0 0 0 0 0 1 0 3 0 3 8 11 42 30 73 104 198 248 387 556 714 857 936 941 976 987 1026 1027 927 850 792 788 701 684 584 565 471 470 417 354 298 252 208 217
220 202 163 130 110 90 65 45 38 37 37 35 20 24 18 17 14 14 6 4 5 7 4 1 2 0 0 0 0 0 0 0 0 0 0 0 0 0 0 0 0 0 0 0 0 0 0 0 0 0 0 0 0 0 0 0 0 0 0 0 0 0 0 0 0 0 5 9 32 54 75 124 200 271 429 541 737 842 950 1008 1045 1039 1095 996 1000 982 933 942 826 783 701 673 628 536 502 432 361 349 279 246
286 301 179 165 135 115 106 57 58 58 55 54 38 22 22 19 12 5 9 5 2 3 5 3 0 0 0 1 0 0 0 0 0 0 0 0 0 0 0 0 0 0 0 0 0 0 0 0 0 0 0 0 0 0 0 0 0 0 0 0 0 0 0 0 0 0 4 8 23 32 72 102 175 300 424 563 795 886 939 1060 1174 1198 1122 1176 1124 1031 957 935 938 851 807 774 701 603 588 541 561 421 339 332
364 305 250 214 148 149 114 99 51 75 61 67 49 27 21 36 12 10 6 3 5 1 4 2 3 1 0 1 1 0 0 0 0 0 0 0 0 0 0 0 0 0 0 0 0 0 0 0 0 0 0 0 0 0 0 0 0 0 0 0 0 0 0 0 0 0 2 12 17 37 65 101 191 298 428 607 726 857 1027 1106 1223 1238 1228 1214 1195 1142 1070 1020 988 877 850 756 700 597 643 583 548 471 452 385
390 374 319 264 181 165 137 111 114 100 74 74 48 46 34 38 37 23 17 14 6 0 0 0 3 0 0 0 0 1 3 1 1 0 0 0 0 0 0 0 0 0 0 0 0 0 0 0 0 0 0 0 0 0 0 0 0 0 0 0 0 0 0 0 0 1 1 8 19 21 56 85 129 283 367 599 764 915 962 1102 1208 1264 1264 1245 1230 1128 1108 1053 1047 910 926 860 810 725 732 605 574 532 514 452
458 395 350 343 246 204 185 156 121 106 115 86 63 50 47 28 30 27 22 17 6 3 1 2 2 6 1 3 3 2 4 1 1 0 0 0 0 0 0 0 0 0 0 0 0 0 0 0 0 0 0 0 0 0 0 0 0 0 0 0 0 0 0 0 0 0 3 7 9 14 42 67 168 266 420 494 702 833 928 1012 1135 1243 1271 1251 1182 1189 1146 1111 1038 1005 974 856 845 771 753 642 601 595 536 475
436 403 375 363 306 267 226 211 149 147 127 109 103 71 54 36 26 31 21 15 12 10 10 3 5 4 3 1 1 2 1 0 0 0 0 0 0 0 0 0 0 0 0 0 0 0 0 0 0 0 0 0 0 0 0 0 0 0 0 0 0 0 0 0 0 0 2 9 11 26 31 70 142 245 353 564 652 823 901 987 1103 1235 1264 1211 1242 1240 1114 1062 1090 1015 1002 913 888 876 738 740 676 626 584 546
483 449 399 374 312 272 238 227 183 174 151 106 112 99 78 68 46 56 40 21 19 17 16 5 13 2 2 0 0 1 1 1 0 0 0 0 0 0 0 0 0 0 0 0 0 0 0 0 0 0 0 0 0 0 0 0 0 0 0 0 0 0 0 0 0 0 2 7 10 11 35 62 119 178 348 427 581 736 866 1003 1064 1198 1274 1167 1219 1098 1063 1125 1082 1012 979 971 861 816 738 681 670 651 601 544
572 520 418 393 385 342 309 259 241 207 184 126 115 104 101 76 71 63 49 38 24 27 12 16 10 7 1 3 0 0 0 0 0 0 0 0 0 0 0 0 0 0 0 0 0 0 0 0 0 0 0 0 0 0 0 0 0 0 0 0 0 0 0 0 0 0 0 2 4 20 28 58 112 173 245 359 532 694 775 880 1013 1070 1157 1180 1218 1086 1127 1056 1048 1085 976 978 872 868 781 777 676 666 627 595
608 559 531 456 416 428 346 280 275 229 197 160 145 124 100 88 72 87 58 46 39 32 22 16 9 4 0 1 0 0 0 0 0 0 0 0 0 0 0 0 0 0 0 0 0 0 0 0 0 0 0 0 0 0 0 0 0 0 0 0 0 0 0 0 0 0 0 0 2 6 26 68 96 188 217 350 479 592 696 816 943 1018 1113 1150 1193 1102 1130 1102 1094 1065 1021 955 831 816 718 770 741 710 664 632
621 587 598 534 539 421 429 359 295 245 219 190 169 147 96 106 103 86 79 60 39 35 28 16 10 8 1 2 0 0 0 0 0 0 0 0 0 0 0 0 0 0 0 0 0 0 0 0 0 0 0 0 0 0 0 0 0 0 0 0 0 0 0 0 0 0 0 0 2 10 32 59 85 115 190 315 435 552 689 727 970 989 1120 1075 1130 1161 1149 1132 1043 991 932 932 869 904 756 828 714 723 637 646
696 671 639 629 590 541 428 383 344 296 239 215 189 142 121 121 94 92 75 71 43 36 36 8 20 7 3 2 0 0 0 0 0 0 0 0 0 0 0 0 0 0 0 0 0 0 0 0 0 0 0 0 0 0 0 0 0 0 0 0 0 0 0 0 0 0 0 1 2 16 27 39 82 115 185 281 383 487 590 733 782 886 918 1028 1095 1068 1154 1072 1082 1029 995 963 875 848 824 828 734 716 715 739
745 718 700 667 627 608 496 423 420 329 308 236 200 159 137 116 109 108 69 67 64 36 27 27 15 4 1 0 1 0 0 0 0 0 0 0 0 0 0 0 0 0 0 0 0 0 0 0 0 0 0 0 0 0 0 0 0 0 0 0 0 0 0 0 0 0 0 2 1 18 18 49 67 85 167 244 374 482 559 654 764 843 936 939 971 995 1088 1144 1032 1000 990 945 946 884 770 796 777 803 797 713
856 805 730 731 613 574 550 480 424 375 347 263 244 220 163 159 117 123 113 75 61 57 34 23 13 8 2 1 1 0 0 0 0 0 0 0 0 0 0 0 0 0 0 0 0 0 0 0 0 0 0 0 0 0 0 0 0 0 0 0 0 0 0 0 0 0 0 1 7 10 12 36 62 126 174 271 332 473 532 593 708 790 873 908 913 914 917 951 1034 996 994 972 881 887 811 812 874 816 811 826
806 831 765 670 623 627 528 517 482 365 354 322 291 220 221 185 161 124 91 76 72 66 42 28 16 6 1 2 0 0 0 0 0 0 0 0 0 0 0 0 0 0 0 0 0 0 0 0 0 0 0 0 0 0 0 0 0 0 0 0 0 0 0 0 0 0 0 0 1 4 18 26 57 88 172 232 338 405 499 592 613 694 748 803 881 893 909 933 974 976 988 1026 887 864 881 842 885 849 830 769
786 780 702 722 697 601 600 543 501 431 348 335 269 287 255 209 180 162 128 110 82 72 51 32 25 12 0 1 0 0 0 0 0 0 0 0 0 0 0 0 0 0 0 0 0 0 0 0 0 0 0 0 0 0 0 0 0 0 0 0 0 0 0 0 0 0 0 0 1 2 9 27 44 83 143 189 309 353 448 529 585 646 721 743 771 837 857 842 937 991 971 1025 986 929 839 882 890 812 852 841
843 790 813 758 704 637 641 588 541 496 433 355 328 313 327 271 243 199 165 122 113 72 60 33 27 8 9 0 0 0 0 0 0 0 0 0 0 0 0 0 0 0 0 0 0 0 0 0 0 0 0 0 0 0 0 0 0 0 0 0 0 0 0 0 0 0 0 0 0 4 8 25 39 62 110 174 261 337 428 488 562 571 604 705 686 741 746 808 869 854 870 956 921 920 862 893 895 836 849 800
967 866 827 792 735 759 644 677 539 505 464 395 393 356 352 329 272 245 194 132 128 95 62 37 19 14 9 2 0 0 0 0 0 0 0 0 0 0 0 0 0 0 0 0 0 0 0 0 0 0 0 0 0 0 0 0 0 0 0 0 0 0 0 0 0 0 0 0 1 1 6 14 18 46 67 133 179 281 366 444 493 526 593 630 719 698 752 778 813 856 876 877 896 887 904 973 882 888 858 876
947 917 928 884 769 810 740 701 635 547 494 457 448 415 372 333 306 278 252 208 154 111 78 53 29 25 13 2 2 0 0 0 0 0 0 0 0 0 0 0 0 0 0 0 0 0 0 0 0 0 0 0 0 0 0 0 0 0 0 0 0 0 0 0 0 0 0 0 0 2 4 8 22 30 65 94 159 229 306 348 466 498 571 582 640 672 691 685 746 828 847 874 863 932 912 946 858 878 914 868
965 978 981 922 885 814 768 698 658 582 569 533 473 429 459 354 346 321 254 234 191 139 86 58 46 25 18 6 1 0 0 0 0 0 0 0 0 0 0 0 0 0 0 0 0 0 0 0 0 0 0 0 0 0 0 0 0 0 0 0 0 0 0 0 0 0 0 0 0 2 3 7 7 21 37 99 154 209 236 353 396 444 534 574 621 663 622 678 763 767 811 877 884 934 887 947 910 915 921 914
1012 958 938 950 914 872 817 745 711 653 618 575 500 461 457 440 427 314 283 269 185 145 108 71 48 27 13 7 5 0 0 0 0 0 0 0 0 0 0 0 0 0 0 0 0 0 0 0 0 0 0 0 0 0 0 0 0 0 0 0 0 0 0 0 0 0 0 0 0 1 6 6 8 17 36 74 120 197 234 292 346 448 467 530 515 598 635 703 742 753 831 844 883 815 881 894 919 1017 1001 983
1008 917 1019 1006 1000 971 898 821 783 752 642 606 624 587 491 465 443 359 306 266 195 186 120 83 53 50 30 14 5 2 0 0 0 0 0 0 0 0 0 0 0 0 0 0 0 0 0 0 0 0 0 0 0 0 0 0 0 0 0 0 0 0 0 0 0 0 0 0 0 2 0 0 6 15 25 68 115 153 213 248 304 405 436 442 502 540 553 620 666 722 785 819 829 832 850 821 915 977 1024 947
