#lt    60
#count pbc
#dt    1.0
#dn    60
#edges -4.4394307136535645 -4.350642099380493 -4.261853485107421 -4.17306487083435 -4.084276256561278 -3.9954876422882064 -3.906699028015135 -3.817910413742063 -3.7291217994689916 -3.64033318519592 -3.5515445709228484 -3.4627559566497768 -3.373967342376705 -3.2851787281036335 -3.196390113830562 -3.1076014995574903 -3.0188128852844187 -2.930024271011347 -2.8412356567382755 -2.752447042465204 -2.6636584281921323 -2.5748698139190607 -2.486081199645989 -2.3972925853729175 -2.308503971099846 -2.2197153568267742 -2.1309267425537026 -2.042138128280631 -1.9533495140075594 -1.8645608997344878 -1.7757722854614162 -1.6869836711883446 -1.598195056915273 -1.5094064426422014 -1.4206178283691298 -1.3318292140960581 -1.2430405998229865 -1.154251985549915 -1.0654633712768433 -0.9766747570037717 -0.8878861427307001 -0.7990975284576285 -0.7103089141845569 -0.6215202999114853 -0.5327316856384137 -0.44394307136534206 -0.35515445709227045 -0.26636584281919884 -0.17757722854612723 -0.08878861427305562 1.5987211554602254e-14 0.0887886142730876 0.1775772285461592 0.2663658428192308 0.3551544570923024 0.44394307136537403 0.5327316856384456 0.6215202999115172 0.7103089141845889 0.7990975284576605 0.8878861427307321 0.9766747570038037 1.0654633712768753 1.154251985549947 1.2430405998230185 1.3318292140960901 1.4206178283691617 1.5094064426422333 1.598195056915305 1.6869836711883766 1.7757722854614482 1.8645608997345198 1.9533495140075914 2.042138128280663 2.1309267425537346 2.219715356826806 2.308503971099878 2.3972925853729494 2.486081199646021 2.5748698139190926 2.6636584281921643 2.752447042465236 2.8412356567383075 2.930024271011379 3.0188128852844507 3.1076014995575223 3.196390113830594 3.2851787281036655 3.373967342376737 3.4627559566498087 3.5515445709228803 3.640333185195953 3.7291217994690236 3.8179104137420943 3.9066990280151668 3.9954876422882393 4.08427625656131 4.173064870834381 4.261853485107453 4.350642099380526 4.439430713653596
723 709 778 807 783 761 727 677 691 653 706 687 661 604 690 603 554 509 494 450 406 360 281 192 173 103 68 66 39 23 10 15 3 1 0 0 0 0 0 0 0 0 0 0 0 0 0 0 0 0 0 0 0 0 0 0 0 0 0 0 0 0 0 0 0 0 1 1 1 5 4 21 33 52 105 166 218 321 367 388 412 451 517 551 540 534 563 586 591 629 646 695 703 740 729 664 707 762 745 694
717 704 814 826 786 768 752 696 740 744 716 691 679 684 654 631 613 571 528 483 415 353 327 222 153 107 77 65 49 30 11 5 7 1 1 0 0 0 0 0 0 0 0 0 0 0 0 0 0 0 0 0 0 0 0 0 0 0 0 0 0 0 0 0 0 0 0 0 1 5 4 13 24 50 89 145 230 257 321 333 373 414 520 521 494 531 518 582 604 630 671 638 657 658 745 748 697 682 726 707
779 745 782 843 754 807 759 756 741 723 760 693 676 659 710 630 629 578 544 475 425 399 325 259 178 120 51 56 45 22 16 11 9 4 2 1 0 0 0 0 0 0 0 0 0 0 0 0 0 0 0 0 0 0 0 0 0 0 0 0 0 0 0 0 0 0 0 0 0 0 1 9 18 57 88 147 193 274 295 313 336 442 400 481 491 482 503 573 587 581 669 621 562 674 707 728 713 725 748 769
811 841 814 747 786 824 793 782 780 750 808 724 738 727 637 674 632 574 594 521 444 457 383 265 214 164 101 65 46 26 11 12 8 3 1 0 0 0 0 0 0 0 0 0 0 0 0 0 0 0 0 0 0 0 0 0 0 0 0 0 0 0 0 0 0 0 0 0 0 4 5 12 23 35 84 142 189 267 263 315 366 378 415 434 458 472 490 536 516 563 553 556 593 603 646 750 730 729 784 719
840 817 833 838 879 829 800 813 776 799 808 751 717 712 700 708 642 602 550 541 501 431 416 324 221 176 124 78 33 30 23 14 9 4 9 0 0 0 0 0 0 0 0 0 0 0 0 0 0 0 0 0 0 0 0 0 0 0 0 0 0 0 0 0 0 0 0 0 0 0 3 6 19 46 52 109 174 211 242 314 314 319 389 410 447 445 434 432 485 502 487 561 572 619 625 736 766 768 753 697
805 830 860 871 827 809 815 868 836 830 811 814 726 748 762 680 678 678 600 615 546 494 379 288 241 180 147 70 47 28 21 16 14 4 1 1 0 0 0 0 0 0 0 0 0 0 0 0 0 0 0 0 0 0 0 0 0 0 0 0 0 0 0 0 0 0 0 0 0 1 4 9 11 28 61 87 137 198 210 257 286 353 415 402 407 421 406 434 456 449 468 495 492 578 592 669 701 739 781 770
777 803 857 890 847 868 804 837 884 802 887 740 793 818 757 733 720 745 670 581 573 498 387 329 249 182 111 88 47 42 25 23 15 9 5 0 0 0 0 0 0 0 0 0 0 0 0 0 0 0 0 0 0 0 0 0 0 0 0 0 0 0 0 0 0 0 0 0 0 1 3 5 9 22 52 76 108 154 196 216 259 327 351 353 345 395 396 376 449 449 443 462 506 504 591 609 710 707 722 741
781 811 824 867 830 822 887 808 850 834 762 831 835 830 838 770 781 739 655 667 635 523 403 307 235 171 128 92 77 50 29 18 16 6 4 0 0 0 0 0 0 0 0 0 0 0 0 0 0 0 0 0 0 0 0 0 0 0 0 0 0 0 0 0 0 0 0 0 0 0 2 5 17 17 35 66 95 130 170 198 246 300 278 327 351 339 327 381 428 401 438 417 480 499 535 604 590 726 798 737
791 820 759 791 820 836 837 795 829 844 866 882 858 924 861 834 828 732 749 728 621 587 466 319 232 195 135 81 67 48 44 28 18 6 2 2 0 0 0 0 0 0 0 0 0 0 0 0 0 0 0 0 0 0 0 0 0 0 0 0 0 0 0 0 0 0 0 0 0 0 1 3 5 18 20 42 79 100 129 162 228 258 258 278 335 297 346 317 366 397 441 416 467 505 509 510 601 676 674 727
779 770 754 773 833 864 801 777 794 824 864 908 939 862 860 888 880 860 797 722 719 597 506 415 301 194 152 100 68 59 40 18 11 11 4 0 0 0 0 0 0 0 0 0 0 0 0 0 0 0 0 0 0 0 0 0 0 0 0 0 0 0 0 0 0 0 0 0 0 0 0 2 5 14 26 44 81 94 139 196 201 234 248 281 258 300 300 333 343 393 422 407 455 449 507 481 531 613 613 710
687 729 770 770 794 792 759 779 870 867 881 889 917 869 915 925 907 800 814 805 712 622 552 439 317 198 153 96 63 48 35 25 9 9 3 0 0 0 0 0 0 0 0 0 0 0 0 0 0 0 0 0 0 0 0 0 0 0 0 0 0 0 0 0 0 0 0 0 0 0 1 1 5 10 25 39 71 91 126 155 184 220 200 212 262 254 290 329 332 365 365 426 417 456 477 529 555 599 642 698
714 673 688 769 784 759 781 811 819 917 902 871 859 910 955 958 909 860 886 824 785 621 528 411 334 263 161 119 87 74 38 26 15 5 1 0 0 0 0 0 0 0 0 0 0 0 0 0 0 0 0 0 0 0 0 0 0 0 0 0 0 0 0 0 0 0 0 0 0 0 0 3 2 7 15 33 65 93 119 131 151 191 207 234 254 278 292 307 341 332 342 375 445 430 396 505 554 613 626 627
677 676 727 737 789 725 849 853 801 848 861 884 893 939 937 938 966 918 933 915 799 644 568 468 350 261 221 149 110 76 47 28 13 8 4 1 1 0 0 0 0 0 0 0 0 0 0 0 0 0 0 0 0 0 0 0 0 0 0 0 0 0 0 0 0 0 0 0 0 0 0 0 0 8 33 42 66 89 89 108 158 180 186 215 246 256 295 310 378 348 339 389 376 398 438 495 571 584 623 593
641 696 713 724 722 776 755 792 845 866 822 911 975 1023 900 900 1069 1072 983 937 809 737 606 476 371 281 196 136 107 73 57 31 21 10 6 1 2 0 0 0 0 0 0 0 0 0 0 0 0 0 0 0 0 0 0 0 0 0 0 0 0 0 0 0 0 0 0 0 0 0 0 0 0 4 10 42 51 68 100 109 148 159 208 200 183 265 277 308 304 347 356 378 412 414 384 489 538 615 636 656
669 738 681 735 747 758 829 879 802 835 858 934 966 924 978 1019 1015 1055 1073 937 879 751 560 473 378 288 231 160 99 74 47 32 22 19 8 3 2 0 2 0 2 0 0 0 0 0 0 0 0 0 0 0 0 0 0 0 0 0 0 0 0 0 0 0 0 0 0 0 0 0 0 2 0 7 13 29 50 64 68 76 124 146 176 184 227 224 275 279 266 286 353 379 396 408 450 498 547 552 599 605
659 703 675 725 749 773 828 841 818 876 920 953 974 1027 1017 1038 1012 1066 1079 945 852 714 650 469 349 299 256 149 98 75 49 36 28 22 9 2 1 1 2 1 3 1 0 0 0 0 0 0 0 0 0 0 0 0 0 0 0 0 0 0 0 0 0 0 0 0 0 0 0 0 0 0 3 12 15 29 26 35 61 79 124 134 169 185 201 226 245 269 261 274 352 351 345 405 445 491 504 523 562 597
653 636 743 740 720 808 792 830 801 866 897 852 932 1010 1001 1112 1132 1092 986 943 839 781 591 485 338 294 201 156 120 73 62 38 35 25 10 7 3 3 3 5 1 0 0 0 0 0 0 0 0 0 0 0 0 0 0 0 0 0 0 0 0 0 0 0 0 0 0 0 0 0 0 0 0 7 12 21 28 32 30 78 96 121 166 155 191 207 201 237 240 289 291 322 338 402 401 465 483 518 570 627
617 652 654 748 736 756 791 801 838 832 870 912 959 963 984 1018 1040 1024 964 950 803 722 603 475 343 280 223 166 128 73 60 58 35 35 23 8 4 8 7 6 0 2 0 0 0 0 0 0 0 0 0 0 0 0 0 0 0 0 0 0 0 0 0 0 0 0 0 0 0 0 0 0 0 10 11 14 18 25 45 57 99 114 130 157 162 157 185 203 217 234 265 290 354 376 401 417 438 510 493 593
551 589 602 645 711 723 725 778 829 794 835 929 970 981 946 988 993 1000 969 919 794 719 559 510 347 261 232 176 124 86 74 54 40 46 20 16 3 2 6 8 10 4 1 0 0 0 0 0 0 0 0 0 0 0 0 0 0 0 0 0 0 0 0 0 0 0 0 0 0 0 0 0 3 0 7 13 16 24 37 62 97 115 99 133 147 166 180 179 211 232 244 284 297 282 334 388 399 453 475 478
478 491 573 553 624 667 699 694 745 770 792 899 870 927 985 976 902 966 980 874 800 703 578 488 405 303 213 161 156 96 61 50 55 42 29 12 4 5 4 10 7 11 1 0 0 0 0 0 0 0 0 0 0 0 0 0 0 0 0 0 0 0 0 0 0 0 0 0 0 0 0 0 0 2 6 12 16 25 30 58 75 88 101 93 101 141 154 144 153 185 193 245 315 292 334 350 368 377 400 413
403 410 437 512 523 545 611 661 650 720 743 773 787 807 905 882 927 841 851 792 788 630 549 442 374 313 235 176 165 102 72 63 43 34 35 13 16 8 4 10 10 2 2 0 0 0 0 0 0 0 0 0 0 0 0 0 0 0 0 0 0 0 0 0 0 0 0 0 0 0 0 0 0 2 1 6 18 24 29 50 64 77 96 109 124 119 117 110 124 161 188 214 225 265 285 308 313 352 364 377
348 386 362 372 423 448 487 493 559 585 592 643 656 711 787 819 825 824 755 744 670 595 557 444 369 288 257 207 136 87 60 81 64 47 21 16 11 12 5 5 4 2 1 0 0 0 0 0 0 0 0 0 0 0 0 0 0 0 0 0 0 0 0 0 0 0 0 0 0 0 0 0 2 1 8 13 12 22 20 51 54 56 64 75 104 99 101 113 121 159 150 197 206 198 211 275 269 284 327 348
292 307 272 338 379 398 402 449 459 482 531 533 557 618 630 745 669 731 671 652 571 533 458 373 304 288 240 193 134 72 54 55 50 31 27 12 7 8 10 11 1 2 0 0 0 0 0 0 0 0 0 0 0 0 0 0 0 0 0 0 0 0 0 0 0 0 0 0 0 0 0 0 2 2 8 11 18 18 23 35 39 40 41 45 69 83 88 76 87 110 139 158 139 156 163 231 222 235 261 231
185 201 242 276 301 284 325 324 359 385 425 415 489 497 498 512 514 519 510 536 531 516 435 342 306 257 227 202 107 91 60 63 37 36 22 27 17 6 9 7 7 0 0 0 0 0 0 0 0 0 0 0 0 0 0 0 0 0 0 0 0 0 0 0 0 0 0 0 0 0 0 0 3 8 8 6 18 12 22 19 14 25 34 40 44 56 66 72 59 75 84 102 117 119 134 132 153 199 213 218
166 169 187 185 217 256 266 265 266 328 332 372 378 356 418 389 379 434 434 450 433 438 376 275 263 232 204 181 150 91 68 50 55 33 43 41 23 20 12 9 5 1 0 0 0 0 0 0 0 0 0 0 0 0 0 0 0 0 0 0 0 0 0 0 0 0 0 0 0 0 0 0 0 0 4 8 6 13 19 24 10 10 18 32 40 41 61 48 51 53 60 81 75 80 82 80 113 125 153 160
128 121 166 174 180 179 191 201 232 280 270 273 326 300 302 339 298 367 349 412 395 362 282 256 220 206 198 177 151 117 78 59 58 55 50 35 37 16 35 9 3 2 0 0 0 0 0 0 0 0 0 0 0 0 0 0 0 0 0 0 0 0 0 0 0 0 0 0 0 0 0 0 0 0 2 0 4 12 14 9 12 11 6 16 24 33 29 26 36 37 36 30 48 50 41 58 69 92 109 120
108 106 125 122 117 136 146 150 185 192 180 215 236 233 217 270 303 290 303 338 337 301 243 181 211 197 190 184 132 113 93 75 85 78 62 65 33 34 26 17 7 0 0 0 0 0 0 0 0 0 0 0 0 0 0 0 0 0 0 0 0 0 0 0 0 0 0 0 0 0 0 0 0 0 0 1 3 9 5 4 4 8 2 5 21 22 22 20 16 22 17 22 29 31 27 40 64 72 74 86
79 82 69 97 102 110 111 118 117 119 143 153 164 171 186 225 232 241 263 246 227 234 259 191 230 221 183 183 148 126 136 108 117 107 85 70 45 44 35 16 3 2 0 0 0 0 0 0 0 0 0 0 0 0 0 0 0 0 0 0 0 0 0 0 0 0 0 0 0 0 0 0 0 0 0 0 0 2 2 3 3 2 6 11 7 12 9 11 21 13 11 21 23 23 28 33 40 55 70 76
42 53 68 57 75 76 70 78 84 94 101 101 95 131 118 155 193 187 185 190 185 215 234 217 175 185 182 193 170 144 120 147 143 127 91 75 73 63 51 25 9 4 1 0 0 0 0 0 0 0 0 0 0 0 0 0 0 0 0 0 0 0 0 0 0 0 0 0 0 0 0 0 0 0 0 0 0 2 2 1 1 2 4 4 9 4 4 5 3 6 15 12 16 24 23 22 31 39 51 50
21 43 45 43 47 39 52 42 62 61 71 67 74 80 88 107 151 157 137 138 167 153 170 211 193 197 193 226 178 182 184 201 192 199 147 133 105 91 57 27 29 8 4 1 1 0 0 0 0 0 0 0 0 0 0 0 0 0 0 0 0 0 0 0 0 0 0 0 0 0 0 0 0 0 0 0 0 0 1 2 0 3 1 6 2 3 3 2 0 2 2 11 14 12 14 22 16 20 25 29
15 21 18 31 32 24 34 50 35 41 49 65 48 51 77 81 103 128 125 112 118 112 169 155 165 168 197 229 187 222 251 286 328 275 276 233 189 147 94 59 43 17 10 6 2 0 0 0 0 0 0 0 0 0 0 0 0 0 0 0 0 0 0 0 0 0 0 0 0 0 0 0 0 0 0 0 0 0 0 0 2 2 6 6 2 1 0 0 2 3 5 4 7 11 11 11 26 13 14 19
12 12 25 18 22 26 20 35 32 45 40 34 49 49 58 75 91 71 87 101 91 145 127 138 152 149 187 205 214 294 370 429 416 477 416 357 239 193 161 107 58 36 20 8 0 0 0 0 0 0 0 0 0 0 0 0 0 0 0 0 0 0 0 0 0 0 0 0 0 0 0 0 0 0 0 0 0 0 0 0 1 4 7 4 2 0 2 2 0 2 1 2 8 15 4 7 3 10 4 8
4 1 10 9 19 28 27 22 26 30 26 28 36 33 32 46 68 66 74 86 97 100 107 99 131 145 133 200 279 344 404 522 548 589 523 441 321 260 212 169 94 51 19 9 3 1 1 0 0 0 0 0 0 0 0 0 0 0 0 0 0 0 0 0 0 0 0 0 0 0 0 0 0 0 0 0 0 0 0 1 5 2 2 2 5 4 0 0 0 0 0 1 3 5 4 9 0 7 5 9
0 1 3 5 18 14 23 16 17 20 33 23 21 23 23 39 44 48 54 69 94 67 83 93 122 120 128 188 254 353 470 541 550 659 630 576 437 355 250 183 128 89 36 18 11 3 0 0 0 0 0 0 0 0 0 0 0 0 0 0 0 0 0 0 0 0 0 0 0 0 0 0 0 0 0 0 0 0 0 0 2 0 3 2 1 2 1 0 0 0 0 0 1 0 1 1 1 2 0 0
0 2 2 10 10 18 13 9 6 11 11 17 8 12 17 28 25 35 38 47 64 41 57 60 63 77 90 147 220 296 405 532 622 628 673 610 554 450 338 180 120 88 54 32 18 3 5 2 0 0 0 0 0 0 0 0 0 0 0 0 0 0 0 0 0 0 0 0 0 0 0 0 0 0 0 0 0 0 0 0 0 1 0 0 0 0 0 0 0 0 0 0 0 0 0 4 4 3 0 0
0 0 4 7 3 4 7 4 6 9 4 3 2 4 13 11 12 12 26 31 24 22 24 22 38 46 65 101 182 234 313 459 569 681 746 726 630 558 365 280 170 88 62 35 16 9 3 1 0 0 0 0 0 0 0 0 0 0 0 0 0 0 0 0 0 0 0 0 0 0 0 0 0 0 0 0 0 0 0 0 0 0 0 0 0 0 0 0 0 0 0 0 0 0 1 0 2 0 0 0
0 0 2 1 2 6 0 2 5 4 1 0 2 8 7 11 7 13 15 16 12 12 8 11 19 22 37 55 141 205 225 380 501 621 633 685 702 622 438 320 251 111 58 36 23 17 8 1 0 0 0 0 0 0 0 0 0 0 0 0 0 0 0 0 0 0 0 0 0 0 0 0 0 0 0 0 0 0 0 0 0 0 0 0 0 0 0 0 0 0 0 0 0 0 0 0 0 0 0 0
0 0 0 0 1 0 0 1 2 2 0 2 3 8 4 10 12 10 20 10 7 11 9 7 19 14 20 51 77 123 207 276 427 489 595 668 696 634 527 384 245 149 85 39 18 17 6 3 1 0 0 0 0 0 0 0 0 0 0 0 0 0 0 0 0 0 0 0 0 0 0 0 0 0 0 0 0 0 0 0 0 0 0 0 0 0 0 0 0 0 0 0 0 0 0 0 0 0 0 0
0 0 0 0 0 0 0 0 1 1 1 5 2 10 5 9 9 11 13 8 14 12 11 6 5 6 16 35 61 94 147 215 302 359 445 503 569 567 557 409 308 177 76 31 9 7 2 0 0 0 0 0 0 0 0 0 0 0 0 0 0 0 0 0 0 0 0 0 0 0 0 0 0 0 0 0 0 0 0 0 0 0 0 0 0 0 0 0 0 0 0 0 0 0 0 0 0 0 0 0
0 0 0 0 0 0 0 0 0 0 0 3 4 12 11 7 13 4 8 9 18 12 11 8 5 6 6 20 35 55 108 135 191 261 254 376 417 468 398 393 299 214 98 39 13 7 2 0 0 0 0 0 0 0 0 0 0 0 0 0 0 0 0 0 0 0 0 0 0 0 0 0 0 0 0 0 0 0 0 0 0 0 0 0 0 0 0 0 0 0 0 0 0 0 0 0 0 0 0 0
0 0 0 0 0 0 0 0 0 0 2 4 8 4 4 2 10 7 9 10 13 13 11 11 4 4 5 10 19 33 70 86 110 153 159 218 289 292 326 326 255 202 131 44 16 5 1 0 0 0 0 0 0 0 0 0 0 0 0 0 0 0 0 0 0 0 0 0 0 0 0 0 0 0 0 0 0 0 0 0 0 0 0 0 0 0 0 0 0 0 0 0 0 0 0 0 0 0 0 0
0 0 0 0 0 0 0 0 0 0 3 5 6 0 1 0 2 3 7 10 8 8 17 12 5 5 6 6 16 32 34 54 61 65 83 131 168 206 246 240 176 149 108 48 7 4 0 0 0 0 0 0 0 0 0 0 0 0 0 0 0 0 0 0 0 0 0 0 0 0 0 0 0 0 0 0 0 0 0 0 0 0 0 0 0 0 0 0 0 0 0 0 0 0 0 0 0 0 0 0
0 0 0 0 0 0 0 0 0 0 1 0 0 2 2 2 0 5 5 0 2 5 4 13 4 7 4 7 9 11 18 26 27 35 37 46 91 125 141 160 159 124 98 48 18 3 1 0 0 0 0 0 0 0 0 0 0 0 0 0 0 0 0 0 0 0 0 0 0 0 0 0 0 0 0 0 0 0 0 0 0 0 0 0 0 0 0 0 0 0 0 0 0 0 0 0 0 0 0 0
0 0 0 0 0 0 0 0 0 0 1 1 1 0 0 0 0 2 1 0 1 2 5 3 3 1 1 2 3 6 10 10 10 13 10 17 35 61 92 87 87 83 50 30 9 3 1 0 0 0 0 0 0 0 0 0 0 0 0 0 0 0 0 0 0 0 0 0 0 0 0 0 0 0 0 0 0 0 0 0 0 0 0 0 0 0 0 0 0 0 0 0 0 0 0 0 0 0 0 0
0 0 0 0 0 0 0 0 0 0 0 1 0 0 0 0 0 0 0 0 0 0 0 0 0 0 0 1 0 1 0 3 0 1 1 6 12 24 35 47 53 42 31 14 3 1 0 0 0 0 0 0 0 0 0 0 0 0 0 0 0 0 0 0 0 0 0 0 0 0 0 0 0 0 0 0 0 0 0 0 0 0 0 0 0 0 0 0 0 0 0 0 0 0 0 0 0 0 0 0
0 0 0 0 0 0 0 0 0 0 0 0 0 0 0 0 0 0 0 0 0 0 0 0 0 0 0 0 0 0 0 0 0 0 0 0 3 9 19 30 32 19 21 7 0 2 1 0 0 0 0 0 0 0 0 0 0 0 0 0 0 0 0 0 0 0 0 0 0 0 0 0 0 0 0 0 0 0 0 0 0 0 0 0 0 0 0 0 0 0 0 0 0 0 0 0 0 0 0 0
0 0 0 0 0 0 0 0 0 0 0 0 0 0 0 0 0 0 0 0 0 0 0 0 0 0 0 0 0 0 0 0 0 0 0 1 2 5 6 9 13 6 5 3 2 0 0 0 0 0 0 0 0 0 0 0 0 0 0 0 0 0 0 0 0 0 0 0 0 0 0 0 0 0 0 0 0 0 0 0 0 0 0 0 0 0 0 0 0 0 0 0 0 0 0 0 0 0 0 0
0 0 0 0 0 0 0 0 0 0 0 0 0 0 0 0 0 0 0 0 0 0 0 0 0 0 0 0 0 0 0 0 0 0 0 0 0 1 2 2 1 1 0 0 0 0 0 0 0 0 0 0 0 0 0 0 0 0 0 0 0 0 0 0 0 0 0 0 0 0 0 0 0 0 0 0 0 0 0 0 0 0 0 0 0 0 0 0 0 0 0 0 0 0 0 0 0 0 0 0
0 0 0 0 0 0 0 0 0 0 0 0 0 0 0 0 0 0 0 0 0 0 0 0 0 0 0 0 0 0 0 0 0 0 0 0 0 0 0 1 0 0 0 0 0 0 0 0 0 0 0 0 0 0 0 0 0 0 0 0 0 0 0 0 0 0 0 0 0 0 0 0 0 0 0 0 0 0 0 0 0 0 0 0 0 0 0 0 0 0 0 0 0 0 0 0 0 0 0 0
0 0 0 0 0 0 0 0 0 0 0 0 0 0 0 0 0 0 0 0 0 0 0 0 0 0 0 0 0 0 0 0 0 0 0 0 0 0 0 0 0 0 0 0 0 0 0 0 0 0 0 0 0 0 0 0 0 0 0 0 0 0 0 0 0 0 0 0 0 0 0 0 0 0 0 0 0 0 0 0 0 0 0 0 0 0 0 0 0 0 0 0 0 0 0 0 0 0 0 0
0 0 0 0 0 0 0 0 0 0 0 0 0 0 0 0 0 0 0 0 0 0 0 0 0 0 0 0 0 0 0 0 0 0 0 0 0 0 0 0 0 0 0 0 0 0 0 0 0 0 0 0 0 0 0 0 0 0 0 0 0 0 0 0 0 0 0 0 0 0 0 0 0 0 0 0 0 0 0 0 0 0 0 0 0 0 0 0 0 0 0 0 0 0 0 0 0 0 0 0
0 0 0 0 0 0 0 0 0 0 0 0 0 0 0 0 0 0 0 0 0 0 0 0 0 0 0 0 0 0 0 0 0 0 0 0 0 0 0 0 0 0 0 0 0 0 0 0 0 0 0 0 0 0 0 0 0 0 0 0 0 0 0 0 0 0 0 0 0 0 0 0 0 0 0 0 0 0 0 0 0 0 0 0 0 0 0 0 0 0 0 0 0 0 0 0 0 0 0 0
0 0 0 0 0 0 0 0 0 0 0 0 0 0 0 0 0 0 0 0 0 0 0 0 0 0 0 0 0 0 0 0 0 0 0 0 0 0 0 0 0 0 0 0 0 0 0 0 0 0 0 0 0 0 0 0 0 0 0 0 0 0 0 0 0 0 0 0 0 0 0 0 0 0 0 0 0 0 0 0 0 0 0 0 0 0 0 0 0 0 0 0 0 0 0 0 0 0 0 0
0 0 0 0 0 0 0 0 0 0 0 0 0 0 0 0 0 0 0 0 0 0 0 0 0 0 0 0 0 0 0 0 0 0 0 0 0 0 0 0 0 0 0 0 0 0 0 0 0 0 0 0 0 0 0 0 0 0 0 0 0 0 0 0 0 0 0 0 0 0 0 0 0 0 0 0 0 0 0 0 0 0 0 0 0 0 0 0 0 0 0 0 0 0 0 0 0 0 0 0
0 0 0 0 0 0 0 0 0 0 0 0 0 0 0 0 0 0 0 0 0 0 0 0 0 0 0 0 0 0 0 0 0 0 0 0 0 0 0 0 0 0 0 0 0 0 0 0 0 0 0 0 0 0 0 0 0 0 0 0 0 0 0 0 0 0 0 0 0 0 0 0 0 0 0 0 0 0 0 0 0 0 0 0 0 0 0 0 0 0 0 0 0 0 0 0 0 0 0 0
0 0 0 0 0 0 0 0 0 0 0 0 0 0 0 0 0 0 0 0 0 0 0 0 0 0 0 0 0 0 0 0 0 0 0 0 0 0 0 0 0 0 0 0 0 0 0 0 0 0 0 0 0 0 0 0 0 0 0 0 0 0 0 0 0 0 0 0 0 0 0 0 0 0 0 0 0 0 0 0 0 0 0 0 0 0 0 0 0 0 0 0 0 0 0 0 0 0 0 0
0 0 0 0 0 0 0 0 0 0 0 0 0 0 0 0 0 0 0 0 0 0 0 0 0 0 0 0 0 0 0 0 0 0 0 0 0 0 0 0 0 0 0 0 0 0 0 0 0 0 0 0 0 0 0 0 0 0 0 0 0 0 0 0 0 0 0 0 0 0 0 0 0 0 0 0 0 0 0 0 0 0 0 0 0 0 0 0 0 0 0 0 0 0 0 0 0 0 0 0
0 0 0 0 0 0 0 0 0 0 0 0 0 0 0 0 0 0 0 0 0 0 0 0 0 0 0 0 0 0 0 0 0 0 0 0 0 0 0 0 0 0 0 0 0 0 0 0 0 0 0 0 0 0 0 0 0 0 0 0 2 0 0 0 0 0 0 0 0 0 0 0 0 0 0 0 0 0 0 0 0 0 0 0 0 0 0 0 0 0 0 0 0 0 0 0 0 0 0 0
0 0 0 0 0 0 0 0 0 0 0 0 0 0 0 0 0 0 0 0 0 0 0 0 0 0 0 0 0 0 0 0 0 0 0 0 0 0 0 0 0 0 0 0 0 0 0 0 0 0 0 0 0 0 0 0 0 0 0 2 2 3 6 2 5 4 2 2 3 3 0 0 0 0 0 0 0 0 0 0 0 0 0 0 0 0 0 0 0 0 0 0 0 0 0 0 0 0 0 0
0 0 0 0 0 0 0 0 0 0 0 0 0 0 0 0 0 0 0 0 0 0 0 0 0 0 0 0 0 0 0 0 0 0 0 0 0 0 0 0 0 0 0 0 0 0 0 0 0 0 0 0 0 0 0 0 0 0 2 3 11 16 27 36 35 34 32 19 16 5 0 0 0 2 0 0 1 0 0 0 0 0 0 0 0 0 0 0 0 0 0 0 0 0 0 0 0 0 0 0
0 0 0 0 0 0 0 0 0 0 0 0 0 0 0 0 0 0 0 0 0 0 0 0 0 0 0 0 0 0 0 0 0 0 0 0 0 0 0 0 0 0 0 0 0 0 0 0 0 0 0 0 0 0 0 0 0 0 1 8 39 65 99 104 116 103 94 70 35 21 15 3 2 0 2 1 0 2 0 0 0 0 0 0 0 0 0 0 0 0 0 0 0 0 0 0 0 0 0 0
1 0 0 0 0 0 0 0 0 0 0 0 0 0 0 0 0 0 0 0 0 0 0 0 0 0 0 0 0 0 0 0 0 0 0 0 0 0 0 0 0 0 0 0 0 0 0 0 0 0 0 0 0 0 0 0 0 0 2 22 68 130 219 234 243 247 175 152 85 43 25 8 6 6 6 1 2 1 1 1 1 0 1 0 0 0 0 0 1 0 0 0 0 0 0 0 0 0 0 0
2 3 0 0 0 0 0 0 0 0 0 0 0 0 0 0 0 0 0 0 0 0 0 0 0 0 0 0 0 0 0 0 0 0 0 0 0 0 0 0 0 0 0 0 0 0 0 0 0 0 0 0 0 0 0 0 0 0 5 28 106 224 330 398 450 439 407 276 181 85 46 26 15 6 9 4 3 3 2 3 1 3 1 5 1 1 0 1 1 1 0 0 1 1 1 1 1 1 1 1
2 0 0 0 0 0 0 0 0 0 0 0 0 0 0 0 0 0 0 0 0 0 0 0 0 0 0 0 0 0 0 0 0 0 0 0 0 0 0 0 0 0 0 0 0 0 0 0 0 0 0 0 0 0 0 0 0 1 4 39 109 233 429 589 667 623 606 461 323 194 113 50 38 14 23 10 8 6 6 4 1 3 6 7 4 2 0 2 3 2 3 1 2 1 3 7 4 2 5 5
3 1 3 1 0 0 0 0 0 0 0 0 0 0 0 0 0 0 0 0 0 0 0 0 0 0 0 0 0 0 0 0 0 0 0 0 0 0 0 0 0 0 0 0 0 0 0 0 0 0 0 0 0 0 0 0 0 1 5 15 103 231 423 622 834 831 802 675 545 331 230 99 63 30 29 20 18 12 15 15 9 6 3 6 11 13 5 6 7 11 8 3 1 4 1 1 3 4 10 6
1 0 0 0 0 0 0 0 0 0 0 0 0 0 1 0 0 0 0 0 0 0 0 0 0 0 0 0 0 0 0 0 0 0 0 0 0 0 0 0 0 0 0 0 0 0 0 0 0 0 0 0 0 0 0 0 0 0 1 29 82 159 349 633 816 983 954 867 672 484 353 209 108 84 46 30 24 24 20 16 25 17 14 17 13 12 15 15 16 21 8 3 3 3 2 3 2 4 3 5
4 6 5 2 0 0 0 0 2 0 0 1 0 0 1 1 1 0 0 0 0 0 0 0 0 0 0 0 0 0 0 0 0 0 0 0 0 0 0 0 0 0 0 0 0 0 0 0 0 0 0 0 0 0 0 0 0 0 0 12 37 129 299 552 726 879 834 835 710 603 412 250 179 119 76 55 41 41 39 28 32 22 37 36 33 27 21 24 24 25 17 2 9 8 4 3 8 5 3 7
8 12 12 9 4 2 3 0 4 2 0 3 4 3 2 4 1 0 0 0 0 0 0 0 0 0 0 0 0 0 0 0 0 0 0 0 0 0 0 0 0 0 0 0 0 0 0 0 0 0 0 0 0 0 0 0 0 0 3 10 40 114 246 385 646 750 782 680 641 547 451 320 212 130 110 64 58 63 53 47 50 35 60 55 45 31 33 23 38 31 23 15 11 9 12 8 11 13 14 16
27 33 17 15 12 5 4 8 4 2 1 1 3 5 2 3 1 2 2 1 0 0 0 0 0 0 0 0 0 0 0 0 0 0 0 0 0 0 0 0 0 0 0 0 0 0 0 0 0 0 0 0 0 0 0 0 0 0 3 19 36 79 155 262 390 557 539 616 517 475 412 313 189 156 114 98 102 81 78 64 54 49 58 63 68 67 52 52 37 30 25 19 13 14 12 19 19 23 18 26
44 33 19 19 10 12 13 11 5 2 2 2 4 3 0 0 2 0 0 0 0 0 0 0 0 0 0 0 0 0 0 0 0 0 0 0 0 0 0 0 0 0 0 0 0 0 0 0 0 0 0 0 0 0 0 0 0 0 0 13 32 88 99 174 259 340 404 424 403 352 321 233 182 154 129 102 114 115 103 98 65 81 75 86 80 71 55 73 48 30 37 37 15 34 25 30 34 34 41 41
34 39 42 42 19 10 12 12 11 14 3 2 4 5 0 1 0 1 0 0 0 0 0 0 0 0 0 0 0 0 0 0 0 0 0 0 0 0 0 0 0 0 0 0 0 0 0 0 0 0 0 0 0 0 0 0 0 0 2 7 22 38 77 90 144 217 269 292 300 293 271 224 191 154 153 129 145 139 117 108 88 68 91 110 86 89 69 82 75 61 57 44 33 35 35 30 41 49 54 48
35 41 50 19 21 24 17 18 12 9 4 5 1 3 4 1 0 0 0 1 0 0 0 0 0 0 0 0 0 0 0 0 0 0 0 0 0 0 0 0 0 0 0 0 0 0 0 0 0 0 0 0 0 0 0 0 0 0 1 3 5 18 43 57 61 121 171 210 216 212 180 219 204 182 147 148 168 166 153 122 114 113 122 113 125 108 119 103 93 83 87 89 55 51 48 50 62 63 48 40
59 40 35 48 40 33 28 21 9 7 7 6 6 6 7 7 3 1 2 1 0 2 0 0 0 0 0 0 0 0 0 0 0 0 0 0 0 0 0 0 0 0 0 0 0 0 0 0 0 0 0 0 0 0 0 0 0 0 0 1 5 6 10 21 41 49 99 152 177 188 159 186 178 188 214 187 201 187 178 169 159 145 171 171 141 135 146 147 151 115 144 98 92 87 71 80 84 72 63 63
95 70 55 62 47 57 35 32 26 14 15 10 11 19 15 12 5 7 7 3 4 2 0 0 0 0 0 0 0 0 0 0 0 0 0 0 0 0 0 0 0 0 0 0 0 0 0 0 0 0 0 0 0 0 0 0 0 0 1 0 0 4 2 7 11 38 63 89 119 151 149 172 182 223 221 257 235 203 197 194 231 214 200 212 232 185 219 195 190 163 154 165 151 114 110 124 125 112 85 96
109 108 108 89 77 70 53 49 27 25 19 35 31 29 30 23 20 17 17 18 10 5 4 1 0 0 0 0 0 0 0 0 0 0 0 0 0 0 0 0 0 0 0 0 0 0 0 0 0 0 0 0 0 0 0 0 0 0 0 4 1 2 2 2 9 19 47 53 96 104 135 180 191 207 264 270 259 238 268 295 274 313 292 267 278 284 293 287 228 264 248 230 219 211 173 190 185 161 143 143
140 154 149 120 112 92 84 74 69 48 53 41 44 39 32 46 41 42 29 17 10 11 6 0 1 0 0 0 0 0 0 0 0 0 0 0 0 0 0 0 0 0 0 0 0 0 0 0 0 0 0 0 0 0 0 0 0 0 0 1 1 0 2 10 6 16 27 37 42 65 107 143 185 219 260 244 299 347 345 382 393 410 373 376 383 400 396 398 356 322 309 332 266 254 248 258 253 241 209 190
241 195 179 175 156 139 120 110 90 79 69 70 95 65 61 66 59 46 47 27 22 14 10 2 0 0 0 0 0 0 0 0 0 0 0 0 0 0 0 0 0 0 0 0 0 0 0 0 0 0 0 0 0 0 0 0 0 0 0 0 0 0 0 2 7 14 26 35 29 48 88 126 195 213 263 316 363 365 444 493 502 528 513 515 508 488 519 457 454 437 398 394 353 346 365 311 272 301 269 183
229 232 225 195 198 181 173 133 105 103 116 91 115 111 85 94 75 69 60 46 30 28 9 3 1 1 0 0 0 0 0 0 0 0 0 0 0 0 0 0 0 0 0 0 0 0 0 0 0 0 0 0 0 0 0 0 0 0 0 0 0 0 0 1 8 12 12 28 22 35 57 111 178 230 279 348 391 419 511 580 595 612 617 656 596 613 585 618 550 498 497 475 466 419 412 377 370 319 315 264
299 245 264 270 255 197 185 192 143 134 124 133 114 112 136 117 111 80 68 43 37 24 21 7 5 1 0 0 0 0 0 0 0 0 0 0 0 0 0 0 0 0 0 0 0 0 0 0 0 0 0 0 0 0 0 0 0 0 0 0 0 0 0 1 7 11 5 14 17 23 57 104 139 185 276 316 430 487 597 603 713 716 739 711 710 699 677 723 669 594 539 527 525 488 450 456 442 398 321 324
329 346 289 358 280 256 244 177 183 147 172 142 138 161 137 143 112 86 85 56 51 33 24 15 10 0 0 0 0 0 0 0 0 0 0 0 0 0 0 0 0 0 0 0 0 0 0 0 0 0 0 0 0 0 0 0 0 0 0 0 0 0 0 1 3 4 10 13 22 38 60 97 161 217 301 382 443 531 615 696 742 791 817 816 799 786 801 731 707 669 596 638 562 524 474 479 488 399 389 372
393 408 377 345 311 315 244 243 242 213 184 145 194 158 150 138 139 115 95 80 56 36 34 21 12 4 2 0 0 0 0 0 0 0 0 0 0 0 0 0 0 0 0 0 0 0 0 0 0 0 0 0 0 0 0 0 0 0 0 0 0 0 0 0 3 7 8 7 17 31 57 86 146 223 295 396 478 609 676 727 790 924 923 847 848 832 850 896 844 747 720 690 568 625 605 498 487 441 405 407
416 426 435 355 337 336 292 250 231 230 200 196 166 144 163 162 140 128 100 86 71 41 39 22 15 7 4 2 0 1 0 0 0 0 0 0 0 0 0 0 0 0 0 0 0 0 0 0 0 0 0 0 0 0 0 0 0 0 0 0 0 0 0 0 3 9 8 11 21 34 53 108 154 235 317 438 522 633 720 806 852 939 941 918 941 858 921 873 859 853 813 760 695 636 566 515 502 494 437 454
538 487 452 374 354 362 311 301 274 233 217 200 173 165 178 166 179 156 119 92 91 67 57 31 18 16 5 2 2 0 0 0 0 0 0 0 0 0 0 0 0 0 0 0 0 0 0 0 0 0 0 0 0 0 0 0 0 0 0 0 0 0 0 0 5 5 10 18 13 24 57 91 154 201 342 430 544 629 727 774 876 933 981 943 992 939 930 866 901 853 826 808 752 711 645 602 523 501 504 495
498 486 436 435 398 355 341 333 288 257 224 209 171 217 183 176 170 178 125 113 94 75 67 39 38 9 4 9 1 0 0 0 0 0 0 0 0 0 0 0 0 0 0 0 0 0 0 0 0 0 0 0 0 0 0 0 0 0 0 0 0 0 0 1 4 9 10 20 18 25 45 85 148 210 301 415 547 602 678 817 914 933 916 957 957 975 990 947 917 859 869 818 784 730 678 606 577 547 547 520
548 505 472 479 450 399 360 366 343 311 279 226 206 193 197 190 155 187 165 137 89 75 63 41 23 22 7 7 1 0 0 0 0 0 0 0 0 0 0 0 0 0 0 0 0 0 0 0 0 0 0 0 0 0 0 0 0 0 0 0 0 0 0 1 0 6 2 9 19 20 51 92 136 215 304 426 510 611 725 819 892 854 1009 991 997 983 967 931 877 867 863 856 782 753 702 627 642 574 566 574
579 503 466 483 415 428 401 335 353 309 287 212 217 238 217 202 191 183 180 147 135 97 61 42 53 23 15 2 4 0 0 0 0 0 0 0 0 0 0 0 0 0 0 0 0 0 0 0 0 0 0 0 0 0 0 0 0 0 0 0 0 0 0 0 0 0 1 4 14 12 39 87 148 194 253 408 491 606 712 747 871 882 935 944 1029 972 856 828 953 930 862 861 772 758 618 634 623 566 582 566
592 538 547 482 432 451 446 373 350 337 313 275 273 257 229 217 209 211 184 179 116 105 85 65 51 25 16 7 1 0 0 0 0 0 0 0 0 0 0 0 0 0 0 0 0 0 0 0 0 0 0 0 0 0 0 0 0 0 0 0 0 0 0 0 0 0 0 2 4 16 38 99 122 174 268 372 452 509 651 699 817 851 891 966 984 927 900 889 866 859 790 865 819 747 693 634 609 600 641 661
623 574 611 496 448 405 419 417 390 389 377 319 315 281 281 259 226 235 218 203 142 129 89 78 54 28 23 13 8 4 1 1 0 0 0 0 0 0 0 0 0 0 0 0 0 0 0 0 0 0 0 0 0 0 0 0 0 0 0 0 0 0 0 0 0 0 0 2 3 20 34 68 124 153 235 307 442 534 599 712 779 806 814 875 922 871 843 858 861 875 861 817 775 718 753 668 688 633 612 669
616 627 497 514 497 450 481 480 449 407 340 341 297 322 327 271 263 234 264 205 141 113 95 74 56 47 22 22 12 4 3 0 1 0 0 0 0 0 0 0 0 0 0 0 0 0 0 0 0 0 0 0 0 0 0 0 0 0 0 0 0 0 0 0 0 0 0 2 9 10 39 46 97 155 217 278 446 544 622 723 743 794 801 790 871 848 824 887 829 824 901 815 802 789 746 701 737 637 677 658
613 646 609 566 570 519 479 480 457 410 350 340 349 323 321 307 263 261 236 191 188 138 110 76 57 40 38 27 14 6 1 2 1 0 0 0 0 0 0 0 0 0 0 0 0 0 0 0 0 0 0 0 0 0 0 0 0 0 0 0 0 0 0 0 0 0 0 4 6 25 41 55 86 135 225 304 406 529 590 652 721 770 783 822 812 829 856 813 816 819 824 813 792 766 740 768 659 668 629 687
740 659 612 558 592 552 488 536 490 449 360 347 338 335 320 302 313 284 216 189 184 179 118 100 92 53 34 34 12 6 5 0 0 0 0 0 0 0 0 0 0 0 0 0 0 0 0 0 0 0 0 0 0 0 0 0 0 0 0 0 0 0 0 0 0 0 0 1 10 26 48 63 126 142 198 270 398 534 546 586 692 728 768 770 827 800 836 835 816 814 830 820 780 781 758 677 650 670 678 675
702 740 680 680 600 574 558 503 503 470 389 389 357 339 347 334 322 280 261 210 192 181 146 103 74 54 38 25 15 6 4 1 0 0 0 0 0 0 0 0 0 0 0 0 0 0 0 0 0 0 0 0 0 0 0 0 0 0 0 0 0 0 0 0 0 0 0 5 14 16 44 60 128 141 196 272 356 449 563 620 680 674 773 834 832 772 770 763 725 776 767 763 769 743 732 651 691 687 718 688
751 708 704 664 623 658 604 519 494 473 417 360 371 381 374 332 323 312 255 270 215 187 151 90 92 64 45 35 13 5 3 0 0 0 0 0 0 0 0 0 0 0 0 0 0 0 0 0 0 0 0 0 0 0 0 0 0 0 0 0 0 0 0 0 0 0 2 2 8 19 29 72 112 162 197 284 314 439 507 565 659 690 724 724 713 758 699 673 694 709 722 716 703 705 681 760 679 701 750 717
712 673 642 650 618 654 568 599 492 444 421 419 374 377 413 384 378 314 308 277 281 183 157 99 68 56 42 36 20 9 1 3 1 0 0 0 0 0 0 0 0 0 0 0 0 0 0 0 0 0 0 0 0 0 0 0 0 0 0 0 0 0 0 0 0 0 0 4 9 16 33 56 110 168 179 269 366 388 487 555 601 673 644 669 727 709 676 694 723 723 729 683 664 725 681 723 729 691 692 691
686 681 654 665 645 634 587 590 584 493 429 448 419 414 405 453 414 368 308 325 277 203 151 112 96 66 47 31 21 9 8 1 0 0 0 0 0 0 0 0 0 0 0 0 0 0 0 0 0 0 0 0 0 0 0 0 0 0 0 0 0 0 0 0 0 0 1 3 2 15 27 59 87 131 195 222 305 393 498 497 605 602 645 610 618 636 709 633 696 690 621 681 710 652 695 702 667 711 639 693
740 704 645 666 697 635 630 611 589 556 496 475 469 456 518 433 479 398 320 343 274 216 168 110 94 61 44 35 27 11 7 9 3 0 0 1 0 0 0 0 0 0 0 0 0 0 0 0 0 0 0 0 0 0 0 0 0 0 0 0 0 0 0 0 0 0 1 1 1 9 35 58 67 105 191 245 326 384 427 511 534 546 592 652 640 629 642 683 652 635 655 674 680 661 659 644 670 699 662 647
686 662 663 694 661 667 670 674 589 628 585 551 539 550 534 486 494 410 439 349 288 255 197 144 91 83 57 38 18 17 11 10 12 1 2 0 0 0 0 0 0 0 0 0 0 0 0 0 0 0 0 0 0 0 0 0 0 0 0 0 0 0 0 0 0 0 0 0 3 7 16 37 62 101 140 229 307 367 401 443 517 565 595 579 587 570 625 578 663 654 622 685 658 678 629 662 617 674 669 672
670 688 711 703 690 705 734 697 652 645 575 560 571 547 553 541 453 461 413 385 370 265 203 155 96 83 73 27 19 11 16 10 6 2 2 4 0 0 0 0 0 0 0 0 0 0 0 0 0 0 0 0 0 0 0 0 0 0 0 0 0 0 0 0 0 0 0 1 2 7 17 29 54 84 144 189 288 388 404 455 505 519 620 573 604 565 575 582 637 622 653 700 722 664 668 665 642 628 692 674
724 759 734 729 688 695 640 683 663 648 608 622 594 590 590 545 541 472 439 416 349 314 214 168 113 104 68 48 25 19 15 9 0 2 1 0 1 0 0 0 0 0 0 0 0 0 0 0 0 0 0 0 0 0 0 0 0 0 0 0 0 0 0 0 0 0 0 2 4 9 19 25 33 63 127 179 294 325 424 430 501 534 586 569 572 585 523 580 614 684 692 690 676 724 667 641 650 660 658 632
706 778 759 694 702 707 747 676 608 674 660 670 616 599 578 564 572 515 452 415 399 321 224 181 146 99 86 58 31 26 14 7 2 0 1 0 0 0 0 0 0 0 0 0 0 0 0 0 0 0 0 0 0 0 0 0 0 0 0 0 0 0 0 0 0 0 0 4 4 5 14 25 37 77 110 187 252 295 384 404 439 476 485 511 539 522 575 606 654 645 651 630 703 690 689 670 695 733 662 719
