#lt    20
#count pbc
#dt    1.0
#dn    20
#edges -4.4394307136535645 -4.350642099380493 -4.261853485107421 -4.17306487083435 -4.084276256561278 -3.9954876422882064 -3.906699028015135 -3.817910413742063 -3.7291217994689916 -3.64033318519592 -3.5515445709228484 -3.4627559566497768 -3.373967342376705 -3.2851787281036335 -3.196390113830562 -3.1076014995574903 -3.0188128852844187 -2.930024271011347 -2.8412356567382755 -2.752447042465204 -2.6636584281921323 -2.5748698139190607 -2.486081199645989 -2.3972925853729175 -2.308503971099846 -2.2197153568267742 -2.1309267425537026 -2.042138128280631 -1.9533495140075594 -1.8645608997344878 -1.7757722854614162 -1.6869836711883446 -1.598195056915273 -1.5094064426422014 -1.4206178283691298 -1.3318292140960581 -1.2430405998229865 -1.154251985549915 -1.0654633712768433 -0.9766747570037717 -0.8878861427307001 -0.7990975284576285 -0.7103089141845569 -0.6215202999114853 -0.5327316856384137 -0.44394307136534206 -0.35515445709227045 -0.26636584281919884 -0.17757722854612723 -0.08878861427305562 1.5987211554602254e-14 0.0887886142730876 0.1775772285461592 0.2663658428192308 0.3551544570923024 0.44394307136537403 0.5327316856384456 0.6215202999115172 0.7103089141845889 0.7990975284576605 0.8878861427307321 0.9766747570038037 1.0654633712768753 1.154251985549947 1.2430405998230185 1.3318292140960901 1.4206178283691617 1.5094064426422333 1.598195056915305 1.6869836711883766 1.7757722854614482 1.8645608997345198 1.9533495140075914 2.042138128280663 2.1309267425537346 2.219715356826806 2.308503971099878 2.3972925853729494 2.486081199646021 2.5748698139190926 2.6636584281921643 2.752447042465236 2.8412356567383075 2.930024271011379 3.0188128852844507 3.1076014995575223 3.196390113830594 3.2851787281036655 3.373967342376737 3.4627559566498087 3.5515445709228803 3.640333185195953 3.7291217994690236 3.8179104137420943 3.9066990280151668 3.9954876422882393 4.08427625656131 4.173064870834381 4.261853485107453 4.350642099380526 4.439430713653596
1227 1189 1231 1204 1177 1099 1031 972 902 848 691 607 566 555 506 465 406 311 268 173 131 104 84 51 32 15 11 5 5 3 0 0 0 0 0 0 0 0 0 0 0 0 0 0 0 0 0 0 0 0 0 0 0 0 0 0 0 0 0 0 0 0 0 0 0 0 0 0 0 0 0 0 0 3 5 16 36 62 111 130 159 188 245 325 366 456 494 510 603 718 797 862 883 983 1034 1079 1154 1247 1172 1183
1196 1212 1267 1272 1191 1189 1069 1060 956 872 814 701 660 596 553 520 438 409 277 223 177 133 101 54 54 33 13 7 4 1 0 0 0 0 0 0 0 0 0 0 0 0 0 0 0 0 0 0 0 0 0 0 0 0 0 0 0 0 0 0 0 0 0 0 0 0 0 0 0 0 0 0 0 2 2 12 23 61 82 111 128 178 226 264 330 382 383 499 538 620 672 806 808 888 934 1049 1147 1192 1204 1085
1169 1177 1193 1247 1250 1136 1166 1074 1017 953 799 787 728 660 648 561 513 430 336 281 212 175 113 88 51 37 18 22 9 1 0 0 0 0 0 0 0 0 0 0 0 0 0 0 0 0 0 0 0 0 0 0 0 0 0 0 0 0 0 0 0 0 0 0 0 0 0 0 0 0 0 0 1 2 4 13 23 45 63 80 100 136 155 221 308 305 337 427 475 523 582 697 771 895 996 1073 1101 1181 1094 1188
1213 1107 1239 1246 1269 1219 1151 1137 1012 1014 1041 958 816 803 707 652 582 535 411 348 223 170 127 91 72 27 20 9 12 0 0 0 0 0 0 0 0 0 0 0 0 0 0 0 0 0 0 0 0 0 0 0 0 0 0 0 0 0 0 0 0 0 0 0 0 0 0 0 0 0 0 0 0 0 3 11 21 34 58 67 89 106 133 174 226 294 313 374 400 461 559 661 736 834 841 956 1065 1046 1100 1174
1161 1189 1223 1255 1231 1235 1183 1168 1157 1120 1032 1014 934 875 787 748 673 578 501 431 315 228 152 105 55 37 27 12 3 2 0 0 0 0 0 0 0 0 0 0 0 0 0 0 0 0 0 0 0 0 0 0 0 0 0 0 0 0 0 0 0 0 0 0 0 0 0 0 0 0 0 0 0 0 1 7 10 23 37 60 59 77 117 141 178 207 259 294 322 394 491 586 647 737 808 870 945 969 1021 1066
1067 1195 1189 1294 1227 1324 1162 1224 1181 1143 1170 1063 1096 1017 924 861 708 648 550 528 399 274 196 131 57 30 27 8 2 0 0 0 0 0 0 0 0 0 0 0 0 0 0 0 0 0 0 0 0 0 0 0 0 0 0 0 0 0 0 0 0 0 0 0 0 0 0 0 0 0 0 0 0 1 0 9 11 17 36 48 63 87 87 129 142 203 217 253 294 348 388 498 629 631 653 721 786 901 882 978
1015 1157 1173 1229 1246 1250 1259 1242 1237 1225 1128 1204 1115 1103 961 929 784 725 643 540 489 340 229 132 80 43 32 17 5 1 0 1 0 0 0 0 0 0 0 0 0 0 0 0 0 0 0 0 0 0 0 0 0 0 0 0 0 0 0 0 0 0 0 0 0 0 0 0 0 0 0 0 0 1 3 6 6 14 23 32 52 63 69 93 117 132 137 189 231 283 357 465 498 522 614 634 753 848 833 948
1021 1092 1115 1162 1237 1139 1301 1240 1277 1248 1200 1178 1119 1092 1117 959 895 805 755 604 537 409 286 165 93 52 25 12 12 5 2 1 0 0 0 0 0 0 0 0 0 0 0 0 0 0 0 0 0 0 0 0 0 0 0 0 0 0 0 0 0 0 0 0 0 0 0 0 0 0 0 0 0 0 1 4 8 6 14 28 35 62 45 76 84 125 146 173 200 231 298 334 425 459 516 623 678 722 869 910
943 975 1064 1064 1149 1184 1208 1275 1296 1352 1200 1227 1207 1181 1189 1066 940 919 780 743 599 411 335 196 109 77 31 25 16 12 7 4 1 0 0 0 0 0 0 0 0 0 0 0 0 0 0 0 0 0 0 0 0 0 0 0 0 0 0 0 0 0 0 0 0 0 0 0 0 0 0 0 1 0 0 2 2 4 7 7 42 32 36 51 80 76 122 158 169 212 261 304 346 438 463 493 600 698 773 856
844 954 951 1098 1134 1111 1259 1262 1226 1313 1291 1235 1261 1253 1237 1181 1065 938 930 771 643 532 391 240 128 84 52 21 7 9 10 3 0 0 0 0 0 0 0 0 0 0 0 0 0 0 0 0 0 0 0 0 0 0 0 0 0 0 0 0 0 0 0 0 0 0 0 0 0 0 0 0 0 1 1 0 3 6 3 15 19 32 34 50 58 97 120 118 152 203 225 271 288 329 391 493 529 612 686 832
739 838 968 1043 1095 1189 1158 1236 1204 1328 1246 1310 1260 1259 1227 1213 1258 1039 952 913 721 627 443 324 169 94 48 21 20 4 1 2 0 0 0 0 0 0 0 0 0 0 0 0 0 0 0 0 0 0 0 0 0 0 0 0 0 0 0 0 0 0 0 0 0 0 0 0 0 0 0 0 0 0 2 1 1 5 4 8 14 28 20 28 51 69 79 122 152 193 195 225 239 296 320 359 448 527 627 685
651 767 836 955 989 1118 1196 1190 1267 1294 1351 1276 1279 1306 1377 1407 1255 1174 1108 931 836 719 487 327 212 110 80 36 30 17 5 3 0 0 0 0 0 0 0 0 0 0 0 0 0 0 0 0 0 0 0 0 0 0 0 0 0 0 0 0 0 0 0 0 0 0 0 0 0 0 0 0 0 2 1 2 1 0 7 6 7 10 10 25 41 49 65 81 124 129 173 191 198 236 301 360 376 451 528 585
593 736 788 880 942 1012 1104 1108 1177 1280 1312 1339 1312 1293 1418 1512 1402 1332 1239 1169 991 792 550 403 232 156 105 77 52 24 8 1 1 0 0 0 0 0 0 0 0 0 0 0 0 0 0 0 0 0 0 0 0 0 0 0 0 0 0 0 0 0 0 0 0 0 0 0 0 0 0 0 1 0 5 1 3 1 0 7 13 6 12 16 29 38 60 93 91 120 120 179 205 205 226 283 344 400 459 491
590 648 705 785 886 992 1063 1066 1078 1238 1249 1297 1381 1478 1547 1563 1477 1390 1382 1279 1062 874 695 446 298 198 147 97 55 29 9 3 1 0 0 0 0 0 0 0 0 0 0 0 0 0 0 0 0 0 0 0 0 0 0 0 0 0 0 0 0 0 0 0 0 0 0 0 0 0 0 0 0 0 0 1 1 0 2 3 8 6 10 11 26 35 36 47 73 105 116 140 176 181 223 263 285 332 432 470
513 582 631 747 824 879 1000 957 1134 1135 1245 1340 1415 1557 1575 1609 1638 1492 1413 1344 1203 933 712 515 372 233 165 110 62 29 20 1 1 1 0 0 0 0 0 0 0 0 0 0 0 0 0 0 0 0 0 0 0 0 0 0 0 0 0 0 0 0 0 0 0 0 0 0 0 0 0 0 0 0 0 0 0 1 0 6 7 11 5 14 22 30 26 39 58 87 107 107 138 172 162 216 266 332 376 458
485 497 585 655 739 847 866 974 1062 1099 1152 1297 1468 1531 1589 1606 1720 1628 1480 1450 1299 1067 834 555 404 287 183 122 81 38 18 4 0 2 0 0 0 0 0 0 0 0 0 0 0 0 0 0 0 0 0 0 0 0 0 0 0 0 0 0 0 0 0 0 0 0 0 0 0 0 0 0 0 0 0 0 0 0 0 5 6 9 5 12 20 18 20 29 49 57 80 102 110 133 144 190 249 308 350 390
386 470 573 599 645 741 806 946 980 1068 1167 1230 1427 1514 1606 1559 1697 1680 1479 1504 1403 1203 903 670 472 323 203 152 87 28 19 8 1 1 1 0 0 0 0 0 0 0 0 0 0 0 0 0 0 0 0 0 0 0 0 0 0 0 0 0 0 0 0 0 0 0 0 0 0 0 0 0 0 0 0 0 0 0 1 2 1 2 6 9 11 10 19 27 33 39 63 69 87 93 128 164 188 270 335 366
347 354 441 528 561 660 748 846 935 963 1115 1201 1306 1463 1467 1600 1640 1652 1602 1521 1438 1221 959 752 576 363 261 177 107 51 11 13 1 1 3 0 0 0 0 0 0 0 0 0 0 0 0 0 0 0 0 0 0 0 0 0 0 0 0 0 0 0 0 0 0 0 0 0 0 0 0 0 0 0 0 0 0 0 0 1 2 2 1 8 12 11 15 25 40 26 33 34 77 82 99 126 191 243 252 307
259 331 387 419 512 607 705 759 850 914 957 1128 1265 1298 1412 1458 1549 1602 1616 1463 1364 1246 1097 859 585 471 312 227 124 45 21 14 5 1 3 1 0 0 0 0 0 0 0 0 0 0 0 0 0 0 0 0 0 0 0 0 0 0 0 0 0 0 0 0 0 0 0 0 0 0 0 0 0 0 0 0 0 0 0 0 0 1 2 4 14 9 14 14 16 19 32 40 51 72 86 105 148 159 216 261
229 255 312 349 423 499 564 658 724 846 960 1067 1104 1229 1260 1354 1462 1590 1587 1503 1355 1286 1145 902 654 519 331 205 138 67 29 12 6 4 4 1 0 0 0 0 0 0 0 0 0 0 0 0 0 0 0 0 0 0 0 0 0 0 0 0 0 0 0 0 0 0 0 0 0 0 0 0 0 0 0 0 0 0 0 0 0 1 2 2 5 9 11 13 14 13 12 26 32 40 67 82 103 135 170 164
164 185 212 307 339 401 433 543 572 650 811 883 974 1064 1143 1244 1285 1412 1445 1428 1416 1291 1086 943 733 579 389 253 131 69 36 29 11 4 4 1 0 0 0 0 0 0 0 0 0 0 0 0 0 0 0 0 0 0 0 0 0 0 0 0 0 0 0 0 0 0 0 0 0 0 0 0 0 0 0 0 0 0 0 0 0 0 1 2 2 7 7 3 9 13 10 16 22 31 44 51 82 84 126 144
146 127 140 225 262 291 334 417 448 555 560 729 828 874 916 1057 1128 1254 1268 1287 1314 1250 1099 929 786 599 449 289 171 80 53 34 24 5 1 1 0 0 0 0 0 0 0 0 0 0 0 0 0 0 0 0 0 0 0 0 0 0 0 0 0 0 0 0 0 0 0 0 0 0 0 0 0 0 0 0 0 0 0 0 0 0 0 0 1 1 1 3 0 5 5 7 15 23 21 34 46 56 93 123
81 92 116 149 170 196 222 281 329 382 457 557 621 703 812 783 967 1035 1105 1185 1117 1027 1021 851 805 652 474 274 193 83 64 28 28 12 8 1 0 0 0 0 0 0 0 0 0 0 0 0 0 0 0 0 0 0 0 0 0 0 0 0 0 0 0 0 0 0 0 0 0 0 0 0 0 0 0 0 0 0 0 0 0 0 0 0 0 0 0 0 1 0 2 6 9 12 15 27 31 46 57 72
40 69 92 100 128 135 167 242 230 277 308 378 408 467 555 575 752 764 916 888 899 945 873 801 752 597 492 327 180 115 66 38 43 26 7 2 1 0 0 0 0 0 0 0 0 0 0 0 0 0 0 0 0 0 0 0 0 0 0 0 0 0 0 0 0 0 0 0 0 0 0 0 0 0 0 0 0 0 0 0 0 0 0 0 0 0 0 0 0 0 0 1 5 6 11 9 14 29 35 32
34 33 70 71 74 79 104 132 151 195 235 241 300 343 442 455 527 541 615 694 755 794 748 699 705 605 488 341 221 135 87 74 53 35 15 6 1 0 0 0 0 0 0 0 0 0 0 0 0 0 0 0 0 0 0 0 0 0 0 0 0 0 0 0 0 0 0 0 0 0 0 0 0 0 0 0 0 0 0 0 0 0 0 0 0 0 0 0 0 0 0 1 2 2 4 6 8 23 16 19
12 28 31 40 54 52 65 80 108 126 151 161 220 239 256 339 385 442 469 514 567 574 615 599 618 541 482 412 308 203 144 113 67 40 16 6 0 0 0 0 0 0 0 0 0 0 0 0 0 0 0 0 0 0 0 0 0 0 0 0 0 0 0 0 0 0 0 0 0 0 0 0 0 0 0 0 0 0 0 0 0 0 0 0 0 0 0 0 0 0 0 0 0 0 1 2 4 8 9 12
11 16 15 22 28 35 42 30 81 74 84 109 127 150 159 220 277 320 354 375 381 435 462 497 537 520 477 431 320 287 207 158 95 51 30 10 2 2 1 1 0 0 0 0 0 0 0 0 0 0 0 0 0 0 0 0 0 0 0 0 0 0 0 0 0 0 0 0 0 0 0 0 0 0 0 0 0 0 0 0 0 0 0 0 0 0 0 0 0 0 0 0 0 0 0 3 2 3 4 11
9 13 9 9 11 19 19 27 28 47 49 61 67 81 113 137 160 245 248 257 286 276 389 406 400 505 456 473 379 366 314 230 146 94 44 26 14 3 1 2 1 0 0 0 0 0 0 0 0 0 0 0 0 0 0 0 0 0 0 0 0 0 0 0 0 0 0 0 0 0 0 0 0 0 0 0 0 0 0 0 0 0 0 0 0 0 0 0 0 0 0 0 0 0 1 2 1 2 3 8
6 4 5 10 13 12 16 17 21 18 29 23 26 53 56 62 113 116 140 174 183 195 263 280 316 332 418 443 468 438 371 313 231 150 81 40 15 14 9 9 1 0 0 1 0 0 0 0 0 0 0 0 0 0 0 0 0 0 0 0 0 0 0 0 0 0 0 0 0 0 0 0 0 0 0 0 0 0 0 0 0 0 0 0 0 0 0 0 0 0 0 0 0 0 1 0 2 0 1 1
1 3 5 4 11 9 10 7 11 11 10 12 21 15 26 41 56 64 76 84 89 107 117 174 243 293 353 457 480 497 468 436 332 256 167 90 67 25 13 6 12 1 0 0 0 0 0 0 0 0 0 0 0 0 0 0 0 0 0 0 0 0 0 0 0 0 0 0 0 0 0 0 0 0 0 0 0 0 0 0 0 0 0 0 0 0 0 0 0 0 0 0 0 0 0 1 0 0 0 1
0 0 1 1 6 6 3 4 7 5 2 3 7 9 12 16 41 36 59 55 67 84 88 116 162 195 303 380 436 491 548 569 513 415 276 204 124 63 51 28 12 12 6 3 1 0 0 0 0 0 0 0 0 0 0 0 0 0 0 0 0 0 0 0 0 0 0 0 0 0 0 0 0 0 0 0 0 0 0 0 0 0 0 0 0 0 0 0 0 0 0 0 0 0 0 0 0 0 0 0
0 0 0 2 1 4 5 2 1 3 2 1 6 5 5 10 15 24 36 30 35 48 78 81 82 160 196 291 414 506 650 722 705 617 482 350 225 132 86 53 24 22 18 4 2 0 0 0 0 0 0 0 0 0 0 0 0 0 0 0 0 0 0 0 0 0 0 0 0 0 0 0 0 0 0 0 0 0 0 0 0 0 0 0 0 0 0 0 0 0 0 0 0 0 0 0 0 0 0 0
0 0 0 1 2 3 5 0 1 1 3 4 2 1 5 7 3 9 14 20 23 37 40 58 48 74 135 211 317 492 617 775 903 825 689 527 298 208 124 73 36 28 11 6 3 0 0 0 0 0 0 0 0 0 0 0 0 0 0 0 0 0 0 0 0 0 0 0 0 0 0 0 0 0 0 0 0 0 0 0 0 0 0 0 0 0 0 0 0 0 0 0 0 0 0 0 0 0 0 0
0 0 0 1 1 2 1 1 2 2 0 0 0 2 0 1 2 6 7 13 24 15 25 26 30 58 72 161 235 355 568 755 877 931 907 694 479 306 192 113 85 37 11 4 0 0 0 0 0 0 0 0 0 0 0 0 0 0 0 0 0 0 0 0 0 0 0 0 0 0 0 0 0 0 0 0 0 0 0 0 0 0 0 0 0 0 0 0 0 0 0 0 0 0 0 0 0 0 0 0
0 0 0 0 0 0 0 0 0 1 0 0 0 0 1 3 0 3 3 1 8 8 10 10 16 27 44 94 114 224 368 630 799 979 906 793 609 457 286 192 110 46 20 11 0 0 0 0 0 0 0 0 0 0 0 0 0 0 0 0 0 0 0 0 0 0 0 0 0 0 0 0 0 0 0 0 0 0 0 0 0 0 0 0 0 0 0 0 0 0 0 0 0 0 0 0 0 0 0 0
0 0 0 0 0 0 0 0 0 0 0 0 0 0 1 3 0 4 3 3 2 5 8 5 12 12 15 46 61 120 218 392 592 842 874 908 801 682 462 295 133 75 45 11 3 1 0 0 0 0 0 0 0 0 0 0 0 0 0 0 0 0 0 0 0 0 0 0 0 0 0 0 0 0 0 0 0 0 0 0 0 0 0 0 0 0 0 0 0 0 0 0 0 0 0 0 0 0 0 0
0 0 0 0 0 0 0 0 0 0 0 0 0 0 0 1 0 0 0 0 1 2 2 6 5 1 4 10 26 62 121 236 376 576 769 883 889 856 634 372 218 121 57 21 3 1 2 1 0 0 0 0 0 0 0 0 0 0 0 0 0 0 0 0 0 0 0 0 0 0 0 0 0 0 0 0 0 0 0 0 0 0 0 0 0 0 0 0 0 0 0 0 0 0 0 0 0 0 0 0
0 0 0 0 0 0 0 0 0 0 0 0 0 0 0 0 0 0 0 0 0 1 0 1 4 3 5 5 15 33 66 144 246 380 534 733 887 905 750 540 329 177 86 31 9 4 1 0 0 0 0 0 0 0 0 0 0 0 0 0 0 0 0 0 0 0 0 0 0 0 0 0 0 0 0 0 0 0 0 0 0 0 0 0 0 0 0 0 0 0 0 0 0 0 0 0 0 0 0 0
0 0 0 0 0 0 0 0 0 0 0 0 0 0 0 0 0 0 0 0 0 0 1 0 2 2 2 5 13 13 33 80 138 214 289 485 723 843 710 591 414 248 127 53 25 5 1 1 0 0 0 0 0 0 0 0 0 0 0 0 0 0 0 0 0 0 0 0 0 0 0 0 0 0 0 0 0 0 0 0 0 0 0 0 0 0 0 0 0 0 0 0 0 0 0 0 0 0 0 0
0 0 0 0 0 0 0 0 0 0 0 0 0 0 0 0 0 0 0 0 0 0 0 2 1 2 1 2 2 5 22 41 74 106 200 304 454 550 617 558 421 269 160 82 25 17 5 0 0 0 0 0 0 0 0 0 0 0 0 0 0 0 0 0 0 0 0 0 0 0 0 0 0 0 0 0 0 0 0 0 0 0 0 0 0 0 0 0 0 0 0 0 0 0 0 0 0 0 0 0
0 0 0 0 0 0 0 0 0 0 0 0 0 0 0 0 0 0 0 0 0 0 0 1 0 0 0 0 0 4 9 20 48 74 120 186 268 324 415 417 381 277 177 76 38 19 8 4 0 0 0 0 0 0 0 0 0 0 0 0 0 0 0 0 0 0 0 0 0 0 0 0 0 0 0 0 0 0 0 0 0 0 0 0 0 0 0 0 0 0 0 0 0 0 0 0 0 0 0 0
0 0 0 0 0 0 0 0 0 0 0 0 0 0 0 0 0 0 0 0 0 0 0 0 0 0 0 0 0 1 9 16 41 57 58 96 132 194 270 302 276 205 141 78 32 15 7 1 1 0 0 0 0 0 0 0 0 0 0 0 0 0 0 0 0 0 0 0 0 0 0 0 0 0 0 0 0 0 0 0 0 0 0 0 0 0 0 0 0 0 0 0 0 0 0 0 0 0 0 0
0 0 0 0 0 0 0 0 0 0 0 0 0 0 0 0 0 0 0 0 0 0 0 0 0 0 0 0 0 0 1 6 21 41 34 56 71 107 141 175 175 179 125 64 22 13 9 0 0 0 0 0 0 0 0 0 0 0 0 0 0 0 0 0 0 0 0 0 0 0 0 0 0 0 0 0 0 0 0 0 0 0 0 0 0 0 0 0 0 0 0 0 0 0 0 0 0 0 0 0
0 0 0 0 0 0 0 0 0 0 0 0 0 0 0 0 0 0 0 0 0 0 0 0 0 0 0 0 0 0 1 3 6 13 14 27 30 48 74 66 87 87 79 60 24 20 2 0 0 0 0 0 0 0 0 0 0 0 0 0 0 0 0 0 0 0 0 0 0 0 0 0 0 0 0 0 0 0 0 0 0 0 0 0 0 0 0 0 0 0 0 0 0 0 0 0 0 0 0 0
0 0 0 0 0 0 0 0 0 0 0 0 0 0 0 0 0 0 0 0 0 0 0 0 0 0 0 0 0 0 0 0 0 1 5 10 9 14 29 42 35 28 38 26 27 9 3 0 0 0 0 0 0 0 0 0 0 0 0 0 0 0 0 0 0 0 0 0 0 0 0 0 0 0 0 0 0 0 0 0 0 0 0 0 0 0 0 0 0 0 0 0 0 0 0 0 0 0 0 0
0 0 0 0 0 0 0 0 0 0 0 0 0 0 0 0 0 0 0 0 0 0 0 0 0 0 0 0 0 0 0 0 0 0 2 4 8 9 13 11 17 15 25 17 17 4 1 0 0 0 0 0 0 0 0 0 0 0 0 0 0 0 0 0 0 0 0 0 0 0 0 0 0 0 0 0 0 0 0 0 0 0 0 0 0 0 0 0 0 0 0 0 0 0 0 0 0 0 0 0
0 0 0 0 0 0 0 0 0 0 0 0 0 0 0 0 0 0 0 0 0 0 0 0 0 0 0 0 0 0 0 0 0 0 0 2 3 4 5 3 8 5 10 7 2 2 1 0 0 0 0 0 0 0 0 0 0 0 0 0 0 0 0 0 0 0 0 0 0 0 0 0 0 0 0 0 0 0 0 0 0 0 0 0 0 0 0 0 0 0 0 0 0 0 0 0 0 0 0 0
0 0 0 0 0 0 0 0 0 0 0 0 0 0 0 0 0 0 0 0 0 0 0 0 0 0 0 0 0 0 0 0 0 0 0 1 0 0 0 0 0 5 1 0 0 0 0 0 0 0 0 0 0 0 0 0 0 0 0 0 0 0 0 0 0 0 0 0 0 0 0 0 0 0 0 0 0 0 0 0 0 0 0 0 0 0 0 0 0 0 0 0 0 0 0 0 0 0 0 0
0 0 0 0 0 0 0 0 0 0 0 0 0 0 0 0 0 0 0 0 0 0 0 0 0 0 0 0 0 0 0 0 0 0 0 0 0 0 0 0 1 0 0 0 0 0 0 0 0 0 0 0 0 0 0 0 0 0 0 0 0 0 0 0 0 0 0 0 0 0 0 0 0 0 0 0 0 0 0 0 0 0 0 0 0 0 0 0 0 0 0 0 0 0 0 0 0 0 0 0
0 0 0 0 0 0 0 0 0 0 0 0 0 0 0 0 0 0 0 0 0 0 0 0 0 0 0 0 0 0 0 0 0 0 0 0 0 0 0 0 0 0 0 0 0 0 0 0 0 0 0 0 0 0 0 0 0 0 0 0 0 0 0 0 0 0 0 0 0 0 0 0 0 0 0 0 0 0 0 0 0 0 0 0 0 0 0 0 0 0 0 0 0 0 0 0 0 0 0 0
0 0 0 0 0 0 0 0 0 0 0 0 0 0 0 0 0 0 0 0 0 0 0 0 0 0 0 0 0 0 0 0 0 0 0 0 0 0 0 0 0 0 0 0 0 0 0 0 0 0 0 0 0 0 0 0 0 0 0 0 0 0 0 0 0 0 0 0 0 0 0 0 0 0 0 0 0 0 0 0 0 0 0 0 0 0 0 0 0 0 0 0 0 0 0 0 0 0 0 0
0 0 0 0 0 0 0 0 0 0 0 0 0 0 0 0 0 0 0 0 0 0 0 0 0 0 0 0 0 0 0 0 0 0 0 0 0 0 0 0 0 0 0 0 0 0 0 0 0 0 0 0 0 0 0 0 0 0 0 0 0 0 0 0 0 0 0 0 0 0 0 0 0 0 0 0 0 0 0 0 0 0 0 0 0 0 0 0 0 0 0 0 0 0 0 0 0 0 0 0
0 0 0 0 0 0 0 0 0 0 0 0 0 0 0 0 0 0 0 0 0 0 0 0 0 0 0 0 0 0 0 0 0 0 0 0 0 0 0 0 0 0 0 0 0 0 0 0 0 0 0 0 0 0 0 0 0 0 0 0 0 0 0 0 0 0 0 0 0 0 0 0 0 0 0 0 0 0 0 0 0 0 0 0 0 0 0 0 0 0 0 0 0 0 0 0 0 0 0 0
0 0 0 0 0 0 0 0 0 0 0 0 0 0 0 0 0 0 0 0 0 0 0 0 0 0 0 0 0 0 0 0 0 0 0 0 0 0 0 0 0 0 0 0 0 0 0 0 0 0 0 0 0 0 0 0 0 0 0 0 0 0 0 0 0 0 0 0 0 0 0 0 0 0 0 0 0 0 0 0 0 0 0 0 0 0 0 0 0 0 0 0 0 0 0 0 0 0 0 0
0 0 0 0 0 0 0 0 0 0 0 0 0 0 0 0 0 0 0 0 0 0 0 0 0 0 0 0 0 0 0 0 0 0 0 0 0 0 0 0 0 0 0 0 0 0 0 0 0 0 0 0 0 0 0 0 0 0 0 0 0 0 0 0 0 0 0 0 0 0 0 0 0 0 0 0 0 0 0 0 0 0 0 0 0 0 0 0 0 0 0 0 0 0 0 0 0 0 0 0
0 0 0 0 0 0 0 0 0 0 0 0 0 0 0 0 0 0 0 0 0 0 0 0 0 0 0 0 0 0 0 0 0 0 0 0 0 0 0 0 0 0 0 0 0 0 0 0 0 0 0 0 0 0 0 0 0 0 0 0 0 0 0 0 0 0 0 0 0 0 0 0 0 0 0 0 0 0 0 0 0 0 0 0 0 0 0 0 0 0 0 0 0 0 0 0 0 0 0 0
0 0 0 0 0 0 0 0 0 0 0 0 0 0 0 0 0 0 0 0 0 0 0 0 0 0 0 0 0 0 0 0 0 0 0 0 0 0 0 0 0 0 0 0 0 0 0 0 0 0 0 0 0 0 0 0 0 0 0 0 0 0 0 0 0 0 0 0 0 0 0 0 0 0 0 0 0 0 0 0 0 0 0 0 0 0 0 0 0 0 0 0 0 0 0 0 0 0 0 0
0 0 0 0 0 0 0 0 0 0 0 0 0 0 0 0 0 0 0 0 0 0 0 0 0 0 0 0 0 0 0 0 0 0 0 0 0 0 0 0 0 0 0 0 0 0 0 0 0 0 0 0 0 0 0 0 0 0 0 0 0 1 0 0 0 1 0 0 0 0 0 0 0 0 0 0 0 0 0 0 0 0 0 0 0 0 0 0 0 0 0 0 0 0 0 0 0 0 0 0
0 0 0 0 0 0 0 0 0 0 0 0 0 0 0 0 0 0 0 0 0 0 0 0 0 0 0 0 0 0 0 0 0 0 0 0 0 0 0 0 0 0 0 0 0 0 0 0 0 0 0 0 0 0 0 0 0 0 0 2 3 4 12 3 4 3 0 2 0 1 0 0 0 0 0 0 0 0 0 0 0 0 0 0 0 0 0 0 0 0 0 0 0 0 0 0 0 0 0 0
0 0 0 0 0 0 0 0 0 0 0 0 0 0 0 0 0 0 0 0 0 0 0 0 0 0 0 0 0 0 0 0 0 0 0 0 0 0 0 0 0 0 0 0 0 0 0 0 0 0 0 0 0 0 0 0 0 0 1 13 17 25 45 40 44 22 12 12 5 1 1 0 0 0 0 0 0 0 1 0 0 0 0 0 0 0 0 0 0 0 0 0 0 0 0 0 0 0 0 0
0 0 0 0 0 0 0 0 0 0 0 0 0 0 0 0 0 0 0 0 0 0 0 0 0 0 0 0 0 0 0 0 0 0 0 0 0 0 0 0 0 0 0 0 0 0 0 0 0 0 0 0 0 0 0 0 0 0 3 20 56 85 152 121 140 94 53 25 16 5 5 1 0 1 0 0 0 0 2 1 0 0 0 0 0 0 0 0 0 0 0 0 0 0 0 0 0 0 0 0
0 0 0 0 0 0 0 0 0 0 0 0 0 0 0 0 0 0 0 0 0 0 0 0 0 0 0 0 0 0 0 0 0 0 0 0 0 0 0 0 0 0 0 0 0 0 0 0 0 0 0 0 0 0 0 0 0 0 4 38 80 214 288 322 257 188 123 79 40 22 10 4 2 1 2 1 1 1 1 2 1 0 0 0 0 0 0 0 0 0 0 0 0 0 0 0 0 0 0 0
0 0 0 0 0 0 0 0 0 0 0 0 0 0 0 0 0 0 0 0 0 0 0 0 0 0 0 0 0 0 0 0 0 0 0 0 0 0 0 0 0 0 0 0 0 0 0 0 0 0 0 0 0 0 0 0 0 0 4 33 147 314 445 527 522 405 298 192 93 41 29 7 2 5 1 2 3 1 1 2 0 0 0 0 0 0 0 0 0 0 0 0 0 0 0 0 0 0 0 0
0 0 0 0 0 0 0 0 0 0 0 0 0 0 0 0 0 0 0 0 0 0 0 0 0 0 0 0 0 0 0 0 0 0 0 0 0 0 0 0 0 0 0 0 0 0 0 0 0 0 0 0 0 0 0 0 0 1 8 47 140 295 501 744 799 752 538 340 214 124 52 20 9 7 9 7 6 2 0 0 0 0 0 0 0 0 0 0 0 0 0 0 0 0 0 0 0 0 0 0
0 0 0 0 0 0 0 0 0 0 0 0 0 0 0 0 0 0 0 0 0 0 0 0 0 0 0 0 0 0 0 0 0 0 0 0 0 0 0 0 0 0 0 0 0 0 0 0 0 0 0 0 0 0 0 0 0 0 5 26 115 248 499 814 979 1040 860 632 400 218 120 72 15 8 7 4 5 3 2 0 0 0 1 2 0 0 0 0 0 0 0 0 0 0 0 0 0 0 0 0
0 0 0 0 0 0 0 0 0 0 0 0 0 0 0 0 0 0 0 0 0 0 0 0 0 0 0 0 0 0 0 0 0 0 0 0 0 0 0 0 0 0 0 0 0 0 0 0 0 0 0 0 0 0 0 0 0 1 5 26 83 195 410 633 990 1274 1220 927 631 365 182 95 57 13 5 8 3 6 7 4 0 2 2 2 0 0 0 0 0 0 0 0 0 0 0 0 0 0 0 0
0 0 0 0 0 0 0 0 0 0 0 0 0 0 0 0 0 0 0 0 0 0 0 0 0 0 0 0 0 0 0 0 0 0 0 0 0 0 0 0 0 0 0 0 0 0 0 0 0 0 0 0 0 0 0 0 0 0 1 14 49 107 234 487 796 1128 1203 1070 816 534 353 187 111 50 23 16 8 8 7 9 7 3 6 3 1 1 0 0 0 0 0 0 0 0 0 0 0 0 0 0
0 0 0 0 0 0 0 0 0 0 0 0 0 0 0 0 0 0 0 0 0 0 0 0 0 0 0 0 0 0 0 0 0 0 0 0 0 0 0 0 0 0 0 0 0 0 0 0 0 0 0 0 0 0 0 0 0 0 1 4 23 49 147 318 589 830 1002 1104 912 730 526 263 150 87 52 32 37 33 17 18 17 14 7 8 4 2 2 4 0 0 0 0 0 0 0 0 0 0 0 0
0 0 0 0 0 0 0 0 0 0 0 0 0 0 0 0 0 0 0 0 0 0 0 0 0 0 0 0 0 0 0 0 0 0 0 0 0 0 0 0 0 0 0 0 0 0 0 0 0 0 0 0 0 0 0 0 0 0 0 3 6 26 101 199 370 493 691 865 866 762 566 354 220 137 114 69 60 48 42 37 35 29 14 10 6 10 6 3 3 4 1 0 0 0 0 0 0 0 0 0
0 0 0 0 0 0 0 0 0 0 0 0 0 0 0 0 0 0 0 0 0 0 0 0 0 0 0 0 0 0 0 0 0 0 0 0 0 0 0 0 0 0 0 0 0 0 0 0 0 0 0 0 0 0 0 0 0 0 0 0 4 15 55 133 186 319 438 591 678 638 514 443 302 205 151 132 110 74 82 52 62 31 26 28 21 14 12 4 10 8 6 3 0 2 1 0 0 0 0 0
0 0 0 0 0 0 0 0 0 0 0 0 0 0 0 0 0 0 0 0 0 0 0 0 0 0 0 0 0 0 0 0 0 0 0 0 0 0 0 0 0 0 0 0 0 0 0 0 0 0 0 0 0 0 0 0 0 0 0 0 2 14 36 51 127 198 271 353 424 513 526 456 318 275 239 223 194 126 109 86 73 55 61 39 30 21 23 8 11 11 12 5 3 2 1 2 1 1 0 1
2 1 0 0 0 0 0 0 0 0 0 0 0 0 0 0 0 0 0 0 0 0 0 0 0 0 0 0 0 0 0 0 0 0 0 0 0 0 0 0 0 0 0 0 0 0 0 0 0 0 0 0 0 0 0 0 0 0 0 0 0 1 8 27 56 90 145 213 289 317 389 417 422 353 348 326 259 210 172 124 71 101 87 63 46 47 42 41 27 26 19 17 15 7 7 4 1 1 0 0
3 1 1 0 0 0 0 2 0 0 1 0 0 0 0 0 0 0 0 0 0 0 0 0 0 0 0 0 0 0 0 0 0 0 0 0 0 0 0 0 0 0 0 0 0 0 0 0 0 0 0 0 0 0 0 0 0 0 0 0 0 0 2 13 15 26 62 118 188 235 326 412 418 434 437 374 360 297 264 187 156 158 127 116 94 108 82 81 59 39 47 39 33 16 10 9 2 11 3 1
2 5 4 1 1 0 2 1 0 1 0 2 0 0 0 0 0 0 0 0 0 0 0 0 0 0 0 0 0 0 0 0 0 0 0 0 0 0 0 0 0 0 0 0 0 0 0 0 0 0 0 0 0 0 0 0 0 0 0 0 0 1 6 4 7 10 28 59 92 151 224 292 431 463 463 460 475 429 351 341 333 282 219 211 185 196 182 133 102 82 57 55 57 42 22 19 15 10 9 4
15 7 8 3 3 7 3 1 1 1 2 0 0 0 2 0 0 0 0 0 0 0 0 0 0 0 0 0 0 0 0 0 0 0 0 0 0 0 0 0 0 0 0 0 0 0 0 0 0 0 0 0 0 0 0 0 0 0 0 0 0 0 1 7 7 12 18 30 44 105 164 265 393 445 527 547 602 580 544 491 466 441 417 356 319 299 247 269 213 129 111 92 81 64 56 47 32 20 20 14
27 12 9 7 10 16 3 2 1 2 0 0 0 1 2 1 0 0 0 0 0 0 0 0 0 0 0 0 0 0 0 0 0 0 0 0 0 0 0 0 0 0 0 0 0 0 0 0 0 0 0 0 0 0 0 0 0 0 0 0 0 0 0 4 10 9 14 19 36 58 124 220 334 403 581 609 644 717 720 684 703 563 600 554 470 445 406 361 277 225 213 166 153 111 108 103 76 48 26 29
37 23 16 10 15 16 13 4 6 4 2 1 3 2 0 0 0 0 0 0 0 0 0 0 0 0 0 0 0 0 0 0 0 0 0 0 0 0 0 0 0 0 0 0 0 0 0 0 0 0 0 0 0 0 0 0 0 0 0 0 0 0 0 2 3 8 15 11 38 43 109 200 259 407 569 669 790 866 876 869 896 843 747 760 678 603 556 474 423 353 321 261 204 206 171 149 119 76 78 43
51 51 29 26 18 16 7 14 14 3 4 3 2 1 0 2 1 0 0 0 0 0 0 0 0 0 0 0 0 0 0 0 0 0 0 0 0 0 0 0 0 0 0 0 0 0 0 0 0 0 0 0 0 0 0 0 0 0 0 0 0 0 0 0 2 8 9 30 26 52 87 141 235 366 533 738 872 975 969 917 1039 1046 1050 960 896 757 728 581 583 464 403 341 337 296 252 174 144 124 99 58
93 60 41 44 31 28 25 10 13 12 6 3 3 4 2 2 1 1 1 0 0 0 0 0 0 0 0 0 0 0 0 0 0 0 0 0 0 0 0 0 0 0 0 0 0 0 0 0 0 0 0 0 0 0 0 0 0 0 0 0 0 0 0 1 1 2 5 17 34 38 70 124 223 350 549 670 902 1002 1066 1121 1163 1197 1166 1098 1045 936 793 734 669 582 542 472 437 378 336 264 174 145 142 94
99 91 76 60 36 44 19 14 10 8 11 4 5 7 4 1 0 4 0 0 0 0 0 0 0 0 0 0 0 0 0 0 0 0 0 0 0 0 0 0 0 0 0 0 0 0 0 0 0 0 0 0 0 0 0 0 0 0 0 0 0 0 0 0 0 2 1 11 16 39 57 107 234 346 500 651 881 1027 1164 1282 1250 1346 1308 1241 1190 1010 932 874 792 675 633 594 505 483 411 319 244 197 176 113
147 124 98 100 59 54 31 25 17 15 23 13 13 2 5 2 1 0 0 1 3 0 0 0 0 0 0 0 0 0 0 0 0 0 0 0 0 0 0 0 0 0 0 0 0 0 0 0 0 0 0 0 0 0 0 0 0 0 0 0 0 0 0 0 0 0 2 9 14 29 53 106 190 310 453 643 830 1040 1226 1335 1460 1472 1460 1360 1264 1171 1072 923 932 842 747 665 682 544 507 402 347 255 220 179
192 186 131 90 80 62 43 39 24 13 9 15 4 6 1 1 1 3 4 4 4 0 1 0 0 0 0 0 0 0 0 0 0 0 0 0 0 0 0 0 0 0 0 0 0 0 0 0 0 0 0 0 0 0 0 0 0 0 0 0 0 0 0 0 0 0 0 9 13 25 64 105 174 300 430 607 847 1119 1180 1398 1460 1470 1507 1412 1328 1200 1142 1119 1062 894 849 743 686 610 571 460 428 341 283 246
267 216 180 151 107 78 82 65 27 34 27 16 15 4 8 13 4 5 5 3 1 2 4 0 0 0 0 0 0 0 0 0 0 0 0 0 0 0 0 0 0 0 0 0 0 0 0 0 0 0 0 0 0 0 0 0 0 0 0 0 0 0 0 0 0 0 4 5 12 23 36 71 132 211 351 607 801 1006 1222 1298 1458 1439 1525 1460 1367 1283 1259 1162 1067 1081 954 931 802 773 615 564 475 371 365 313
312 264 207 192 136 107 95 81 48 38 38 18 24 17 8 10 4 9 6 8 1 9 5 2 0 0 0 0 0 0 0 0 0 0 0 0 0 0 0 0 0 0 0 0 0 0 0 0 0 0 0 0 0 0 0 0 0 0 0 0 0 0 0 0 0 0 1 5 18 18 28 47 113 198 305 500 747 928 1092 1232 1397 1430 1497 1441 1413 1277 1298 1230 1210 1150 1009 1000 841 795 677 647 537 456 417 385
386 326 289 224 183 139 124 82 62 55 43 42 33 25 14 12 11 6 8 3 5 3 4 0 0 0 0 0 0 0 0 0 0 0 0 0 0 0 0 0 0 0 0 0 0 0 0 0 0 0 0 0 0 0 0 0 0 0 0 0 0 0 0 0 0 0 0 6 6 22 35 41 74 164 306 466 694 853 1030 1203 1350 1420 1423 1422 1429 1409 1316 1274 1244 1192 1070 1045 987 825 733 676 546 561 486 409
454 387 328 268 223 170 169 126 106 83 49 51 42 24 22 15 13 10 11 12 7 3 4 2 1 1 0 0 0 0 0 0 0 0 0 0 0 0 0 0 0 0 0 0 0 0 0 0 0 0 0 0 0 0 0 0 0 0 0 0 0 0 0 0 0 0 0 3 9 13 24 38 66 131 258 399 549 719 963 1056 1260 1225 1371 1362 1369 1351 1385 1331 1272 1210 1096 1024 942 830 772 649 625 551 533 478
518 400 380 332 255 230 207 164 134 96 76 51 57 43 41 21 20 15 10 7 9 6 3 6 4 0 0 0 0 0 0 0 0 0 0 0 0 0 0 0 0 0 0 0 0 0 0 0 0 0 0 0 0 0 0 0 0 0 0 0 0 0 0 0 0 0 0 5 2 5 11 25 52 129 200 357 483 639 808 936 1049 1205 1297 1369 1393 1306 1267 1336 1261 1199 1132 1061 987 895 830 805 720 669 607 561
551 502 407 405 360 275 251 216 165 128 101 81 65 54 37 29 32 21 13 14 7 3 2 0 3 1 0 0 0 1 0 0 0 0 0 0 0 0 0 0 0 0 0 0 0 0 0 0 0 0 0 0 0 0 0 0 0 0 0 0 0 0 0 0 0 0 0 0 5 8 10 19 55 98 153 286 412 575 721 838 972 1102 1226 1252 1366 1293 1408 1237 1280 1229 1180 1140 1015 983 824 829 757 679 633 620
577 576 500 467 377 325 286 284 195 164 122 105 77 62 53 43 48 28 22 14 11 11 7 3 1 1 0 1 1 1 0 0 0 0 0 0 0 0 0 0 0 0 0 0 0 0 0 0 0 0 0 0 0 0 0 0 0 0 0 0 0 0 0 0 0 0 0 1 4 4 2 13 44 89 162 265 364 505 622 752 928 1111 1196 1216 1268 1323 1306 1299 1239 1152 1147 1096 970 978 944 847 889 766 749 621
677 710 569 501 372 358 345 272 246 224 189 113 87 84 81 50 38 32 20 11 12 9 9 9 3 1 0 2 1 1 0 0 0 0 0 0 0 0 0 0 0 0 0 0 0 0 0 0 0 0 0 0 0 0 0 0 0 0 0 0 0 0 0 0 0 0 0 1 0 11 14 13 40 87 127 204 297 430 554 716 775 905 1055 1131 1240 1275 1170 1211 1257 1253 1198 1123 1044 996 976 957 960 818 783 682
834 719 628 574 476 436 349 297 279 258 199 148 128 89 68 64 46 37 26 22 16 12 14 8 5 4 0 1 0 0 0 0 0 0 0 0 0 0 0 0 0 0 0 0 0 0 0 0 0 0 0 0 0 0 0 0 0 0 0 0 0 0 0 0 0 0 0 0 0 2 5 28 44 80 113 182 277 419 488 604 696 857 984 1056 1156 1140 1124 1159 1197 1192 1215 1106 1165 1068 1035 985 892 915 852 813
849 816 691 612 596 528 415 366 350 264 238 188 141 128 108 62 49 47 42 34 25 8 11 4 7 2 0 0 0 0 0 0 0 0 0 0 0 0 0 0 0 0 0 0 0 0 0 0 0 0 0 0 0 0 0 0 0 0 0 0 0 0 0 0 0 0 0 0 1 5 7 21 35 78 108 177 260 342 473 557 631 707 808 897 1040 1056 1084 1135 1097 1193 1171 1158 1126 1109 1041 1055 982 1017 945 949
912 862 763 728 638 542 517 437 359 336 270 210 180 138 110 78 53 54 47 33 24 14 8 8 5 4 2 0 0 0 2 1 1 0 0 0 0 0 0 0 0 0 0 0 0 0 0 0 0 0 0 0 0 0 0 0 0 0 0 0 0 0 0 0 0 0 0 0 0 2 3 19 31 68 121 148 249 300 347 468 578 626 697 803 901 962 1056 1025 1099 1082 1122 1197 1105 1084 1067 1019 998 971 1021 1001
980 915 890 755 710 624 561 466 402 321 324 261 185 166 116 107 90 82 59 49 21 21 18 5 6 2 2 0 0 0 1 1 1 0 0 0 0 0 0 0 0 0 0 0 0 0 0 0 0 0 0 0 0 0 0 0 0 0 0 0 0 0 0 0 0 0 0 0 0 1 4 18 21 43 87 120 212 247 304 402 460 570 641 712 816 897 939 1074 1086 1084 1138 1118 1137 1102 990 988 993 1056 1000 981
1016 1010 907 818 794 711 631 544 486 422 401 298 249 213 174 150 114 103 73 50 33 29 19 10 3 1 0 0 0 1 4 1 0 0 0 0 0 0 0 0 0 0 0 0 0 0 0 0 0 0 0 0 0 0 0 0 0 0 0 0 0 0 0 0 0 0 0 0 0 0 5 5 25 41 58 111 148 203 273 366 400 496 559 621 722 763 879 854 947 1017 1074 993 952 1028 1045 1004 1056 1107 1097 1009
1115 1033 935 914 776 792 663 609 608 504 425 337 306 241 225 208 161 124 101 72 38 30 19 6 4 0 0 0 1 1 2 0 0 0 0 0 0 0 0 0 0 0 0 0 0 0 0 0 0 0 0 0 0 0 0 0 0 0 0 0 0 0 0 0 0 0 0 0 0 0 4 6 11 13 36 66 111 173 232 305 373 460 510 551 706 731 762 892 855 923 1033 970 1009 1049 1025 1050 1108 1043 1094 1142
1184 1055 996 905 918 834 746 708 608 536 484 439 383 331 264 237 186 174 135 81 72 45 22 9 8 1 0 0 1 0 0 0 0 0 0 0 0 0 0 0 0 0 0 0 0 0 0 0 0 0 0 0 0 0 0 0 0 0 0 0 0 0 0 0 0 0 0 0 0 0 1 1 7 8 26 50 97 146 205 238 327 375 440 533 574 645 744 761 818 891 861 1028 943 976 1079 1155 1134 1149 1138 1119
1212 1056 1108 973 893 915 825 703 729 592 565 466 427 346 316 276 237 222 159 132 74 48 23 16 11 3 8 3 2 0 0 0 0 0 0 0 0 0 0 0 0 0 0 0 0 0 0 0 0 0 0 0 0 0 0 0 0 0 0 0 0 0 0 0 0 0 0 0 0 0 0 4 4 11 21 63 94 118 138 178 280 364 413 474 508 549 624 724 801 870 931 993 1008 1032 1059 1071 1125 1191 1186 1173
1205 1185 1144 1112 1012 962 868 793 717 643 556 541 429 377 383 333 260 210 197 133 104 59 38 21 16 8 9 8 2 1 0 0 0 0 0 0 0 0 0 0 0 0 0 0 0 0 0 0 0 0 0 0 0 0 0 0 0 0 0 0 0 0 0 0 0 0 0 0 0 0 0 0 3 2 19 34 56 94 132 163 216 284 382 421 456 496 566 667 779 808 854 960 1009 978 1050 1171 1171 1162 1204 1205
1207 1177 1169 1095 1116 1057 982 890 836 689 656 548 522 469 418 383 344 267 182 174 97 102 49 28 22 18 6 9 5 1 0 0 0 0 0 0 0 0 0 0 0 0 0 0 0 0 0 0 0 0 0 0 0 0 0 0 0 0 0 0 0 0 0 0 0 0 0 0 0 0 0 0 3 4 9 21 43 82 102 160 205 269 319 357 417 476 501 610 678 725 827 852 947 992 1042 1145 1104 1207 1127 1127
