#lt    10
#count pbc
#dt    1.0
#dn    10
#edges -4.4394307136535645 -4.350642099380493 -4.261853485107421 -4.17306487083435 -4.084276256561278 -3.9954876422882064 -3.906699028015135 -3.817910413742063 -3.7291217994689916 -3.64033318519592 -3.5515445709228484 -3.4627559566497768 -3.373967342376705 -3.2851787281036335 -3.196390113830562 -3.1076014995574903 -3.0188128852844187 -2.930024271011347 -2.8412356567382755 -2.752447042465204 -2.6636584281921323 -2.5748698139190607 -2.486081199645989 -2.3972925853729175 -2.308503971099846 -2.2197153568267742 -2.1309267425537026 -2.042138128280631 -1.9533495140075594 -1.8645608997344878 -1.7757722854614162 -1.6869836711883446 -1.598195056915273 -1.5094064426422014 -1.4206178283691298 -1.3318292140960581 -1.2430405998229865 -1.154251985549915 -1.0654633712768433 -0.9766747570037717 -0.8878861427307001 -0.7990975284576285 -0.7103089141845569 -0.6215202999114853 -0.5327316856384137 -0.44394307136534206 -0.35515445709227045 -0.26636584281919884 -0.17757722854612723 -0.08878861427305562 1.5987211554602254e-14 0.0887886142730876 0.1775772285461592 0.2663658428192308 0.3551544570923024 0.44394307136537403 0.5327316856384456 0.6215202999115172 0.7103089141845889 0.7990975284576605 0.8878861427307321 0.9766747570038037 1.0654633712768753 1.154251985549947 1.2430405998230185 1.3318292140960901 1.4206178283691617 1.5094064426422333 1.598195056915305 1.6869836711883766 1.7757722854614482 1.8645608997345198 1.9533495140075914 2.042138128280663 2.1309267425537346 2.219715356826806 2.308503971099878 2.3972925853729494 2.486081199646021 2.5748698139190926 2.6636584281921643 2.752447042465236 2.8412356567383075 2.930024271011379 3.0188128852844507 3.1076014995575223 3.196390113830594 3.2851787281036655 3.373967342376737 3.4627559566498087 3.5515445709228803 3.640333185195953 3.7291217994690236 3.8179104137420943 3.9066990280151668 3.9954876422882393 4.08427625656131 4.173064870834381 4.261853485107453 4.350642099380526 4.439430713653596
1811 1705 1614 1511 1509 1343 1211 1077 932 789 648 483 414 352 293 246 168 111 78 47 37 22 14 8 3 1 0 0 0 0 0 0 0 0 0 0 0 0 0 0 0 0 0 0 0 0 0 0 0 0 0 0 0 0 0 0 0 0 0 0 0 0 0 0 0 0 0 0 0 0 0 0 0 0 1 1 1 4 12 17 34 46 80 122 150 209 277 335 468 571 756 847 941 1056 1108 1363 1471 1598 1700 1586
1768 1725 1670 1649 1461 1457 1294 1222 1058 835 721 662 556 415 317 292 203 151 118 89 56 33 17 12 5 2 0 0 0 0 0 0 0 0 0 0 0 0 0 0 0 0 0 0 0 0 0 0 0 0 0 0 0 0 0 0 0 0 0 0 0 0 0 0 0 0 0 0 0 0 0 0 0 0 1 3 2 8 11 11 20 48 63 83 123 151 201 282 355 478 574 703 854 968 1025 1319 1326 1504 1589 1661
1768 1688 1732 1674 1633 1509 1386 1290 1208 1040 889 740 606 541 427 359 249 202 157 97 49 52 29 16 13 5 0 0 0 0 0 0 0 0 0 0 0 0 0 0 0 0 0 0 0 0 0 0 0 0 0 0 0 0 0 0 0 0 0 0 0 0 0 0 0 0 0 0 0 0 0 0 0 0 0 1 1 4 6 9 18 22 29 63 92 111 159 204 294 404 479 596 713 820 1022 1040 1233 1350 1482 1623
1575 1728 1775 1706 1754 1614 1479 1357 1277 1214 1073 882 741 691 546 453 339 268 200 120 84 56 38 11 10 1 0 0 0 0 0 0 0 0 0 0 0 0 0 0 0 0 0 0 0 0 0 0 0 0 0 0 0 0 0 0 0 0 0 0 0 0 0 0 0 0 0 0 0 0 0 0 0 0 0 0 0 1 1 5 14 13 36 56 83 71 124 166 210 266 362 484 603 658 829 1023 1110 1300 1401 1564
1529 1592 1665 1774 1701 1728 1555 1543 1401 1377 1210 1050 951 793 681 564 448 330 232 166 98 70 44 26 9 2 1 0 0 0 0 0 0 0 0 0 0 0 0 0 0 0 0 0 0 0 0 0 0 0 0 0 0 0 0 0 0 0 0 0 0 0 0 0 0 0 0 0 0 0 0 0 0 0 0 0 0 1 2 4 8 14 20 18 43 66 68 125 160 220 287 392 457 537 661 807 969 1128 1223 1377
1361 1468 1642 1685 1767 1764 1749 1570 1463 1474 1371 1250 1115 983 829 699 550 447 316 216 142 100 50 28 13 2 3 1 0 0 0 0 0 0 0 0 0 0 0 0 0 0 0 0 0 0 0 0 0 0 0 0 0 0 0 0 0 0 0 0 0 0 0 0 0 0 0 0 0 0 0 0 0 0 0 0 0 1 1 2 7 2 12 14 30 44 74 94 107 157 169 276 342 475 551 615 804 975 1071 1192
1248 1360 1505 1674 1725 1787 1731 1680 1603 1507 1455 1357 1218 1050 946 802 688 577 428 347 199 128 77 32 16 5 1 1 1 0 0 0 0 0 0 0 0 0 0 0 0 0 0 0 0 0 0 0 0 0 0 0 0 0 0 0 0 0 0 0 0 0 0 0 0 0 0 0 0 0 0 0 0 0 0 0 0 0 2 2 6 4 4 5 15 24 39 59 80 109 138 175 262 306 393 504 675 826 943 1114
1073 1296 1314 1535 1614 1702 1714 1719 1718 1637 1623 1474 1352 1214 1067 957 814 656 513 408 282 179 106 49 28 9 2 2 0 0 0 0 0 0 0 0 0 0 0 0 0 0 0 0 0 0 0 0 0 0 0 0 0 0 0 0 0 0 0 0 0 0 0 0 0 0 0 0 0 0 0 0 0 0 0 0 0 0 1 1 2 2 3 5 10 18 29 32 42 69 101 167 167 238 316 431 518 646 801 906
931 1049 1256 1376 1535 1647 1675 1683 1677 1686 1673 1583 1376 1326 1272 1102 1014 811 632 508 348 247 99 70 35 15 15 5 2 0 0 0 0 0 0 0 0 0 0 0 0 0 0 0 0 0 0 0 0 0 0 0 0 0 0 0 0 0 0 0 0 0 0 0 0 0 0 0 0 0 0 0 0 0 0 0 0 0 0 0 1 1 7 2 6 3 14 22 29 54 66 89 152 200 241 385 485 530 639 761
804 955 1081 1216 1370 1507 1570 1655 1700 1725 1653 1585 1590 1522 1479 1272 1126 929 782 590 425 318 181 89 39 29 15 6 1 0 0 0 0 0 0 0 0 0 0 0 0 0 0 0 0 0 0 0 0 0 0 0 0 0 0 0 0 0 0 0 0 0 0 0 0 0 0 0 0 0 0 0 0 0 0 0 0 0 0 0 1 1 2 3 1 7 10 14 25 34 50 72 103 153 224 276 354 459 612 690
679 812 939 1111 1206 1354 1430 1549 1581 1717 1719 1669 1593 1685 1620 1548 1315 1123 902 732 526 366 205 118 64 30 14 2 2 0 0 0 0 0 0 0 0 0 0 0 0 0 0 0 0 0 0 0 0 0 0 0 0 0 0 0 0 0 0 0 0 0 0 0 0 0 0 0 0 0 0 0 0 0 0 0 0 0 0 0 0 1 2 1 0 1 5 9 11 26 29 56 87 113 150 225 290 338 469 545
558 685 784 923 1092 1197 1348 1460 1586 1685 1606 1790 1757 1717 1723 1724 1592 1282 1045 854 643 456 284 152 85 55 36 10 8 7 0 0 0 0 0 0 0 0 0 0 0 0 0 0 0 0 0 0 0 0 0 0 0 0 0 0 0 0 0 0 0 0 0 0 0 0 0 0 0 0 0 0 0 0 0 0 0 0 0 0 0 2 0 0 0 1 2 5 9 12 27 42 53 58 95 147 206 278 358 441
413 504 632 781 893 1061 1301 1402 1515 1604 1674 1745 1827 1843 1860 1780 1703 1489 1256 1083 850 592 403 241 130 70 35 16 8 4 1 0 0 0 0 0 0 0 0 0 0 0 0 0 0 0 0 0 0 0 0 0 0 0 0 0 0 0 0 0 0 0 0 0 0 0 0 0 0 0 0 0 0 0 0 0 0 0 0 0 0 0 0 0 0 2 3 7 7 6 15 32 58 62 72 102 133 217 289 336
353 454 551 598 750 1005 1170 1327 1471 1613 1654 1735 1842 1936 1880 1878 1784 1642 1425 1319 978 688 546 328 174 96 50 28 14 2 0 0 0 0 0 0 0 0 0 0 0 0 0 0 0 0 0 0 0 0 0 0 0 0 0 0 0 0 0 0 0 0 0 0 0 0 0 0 0 0 0 0 0 0 0 0 0 0 0 0 0 0 0 0 1 1 3 3 6 6 17 13 34 48 51 72 131 148 182 252
276 323 442 540 689 828 979 1145 1296 1501 1625 1790 1914 1920 2023 1937 1941 1816 1696 1391 1187 899 600 400 231 110 74 27 20 5 0 0 0 0 0 0 0 0 0 0 0 0 0 0 0 0 0 0 0 0 0 0 0 0 0 0 0 0 0 0 0 0 0 0 0 0 0 0 0 0 0 0 0 0 0 0 0 0 0 0 0 0 0 0 1 6 4 4 1 4 8 19 24 30 51 55 79 89 148 207
244 276 358 436 537 666 828 1024 1144 1275 1444 1640 1808 2006 2017 2147 2028 1877 1857 1692 1393 1060 780 518 299 172 102 47 22 9 3 0 0 0 0 0 0 0 0 0 0 0 0 0 0 0 0 0 0 0 0 0 0 0 0 0 0 0 0 0 0 0 0 0 0 0 0 0 0 0 0 0 0 0 0 0 0 0 0 0 0 0 0 0 1 2 3 4 2 2 3 8 14 13 29 43 46 80 109 170
173 227 283 358 424 584 725 827 970 1154 1247 1593 1745 1831 2026 2104 2036 2033 1902 1864 1589 1351 958 622 349 198 121 79 40 11 2 0 0 0 0 0 0 0 0 0 0 0 0 0 0 0 0 0 0 0 0 0 0 0 0 0 0 0 0 0 0 0 0 0 0 0 0 0 0 0 0 0 0 0 0 0 0 0 0 0 0 0 0 0 0 0 1 0 1 0 1 6 8 10 13 22 47 52 73 110
129 172 224 289 402 448 550 709 820 958 1105 1196 1526 1733 1862 1935 2058 2161 2158 1889 1783 1443 1112 743 487 285 164 99 63 17 2 1 0 0 0 0 0 0 0 0 0 0 0 0 0 0 0 0 0 0 0 0 0 0 0 0 0 0 0 0 0 0 0 0 0 0 0 0 0 0 0 0 0 0 0 0 0 0 0 0 0 0 0 0 0 0 0 0 0 0 0 2 11 9 12 16 25 37 42 86
89 125 176 226 269 357 482 555 621 758 888 1052 1249 1423 1655 1812 2016 2194 2107 2119 1924 1595 1285 870 563 363 208 125 64 17 5 0 0 0 0 0 0 0 0 0 0 0 0 0 0 0 0 0 0 0 0 0 0 0 0 0 0 0 0 0 0 0 0 0 0 0 0 0 0 0 0 0 0 0 0 0 0 0 0 0 0 0 0 0 0 0 0 0 0 0 1 1 3 1 4 15 18 33 45 58
66 90 114 146 192 228 297 406 493 624 760 888 1038 1233 1391 1647 1815 2046 2128 2168 1997 1813 1335 997 731 442 288 165 65 30 15 3 2 0 0 0 0 0 0 0 0 0 0 0 0 0 0 0 0 0 0 0 0 0 0 0 0 0 0 0 0 0 0 0 0 0 0 0 0 0 0 0 0 0 0 0 0 0 0 0 0 0 0 0 0 0 0 0 0 0 0 1 1 0 3 4 4 16 23 44
33 49 63 108 123 154 202 278 353 431 531 696 783 977 1173 1351 1659 1815 1905 2034 1952 1772 1482 1179 866 553 354 201 108 37 18 6 3 1 0 0 0 0 0 0 0 0 0 0 0 0 0 0 0 0 0 0 0 0 0 0 0 0 0 0 0 0 0 0 0 0 0 0 0 0 0 0 0 0 0 0 0 0 0 0 0 0 0 0 0 0 0 0 0 0 0 0 0 0 0 1 0 9 21 42
24 29 39 48 82 101 131 173 221 279 385 457 669 737 971 1060 1315 1415 1611 1706 1772 1729 1621 1290 1002 740 439 244 111 63 28 11 5 0 3 0 0 0 0 0 0 0 0 0 0 0 0 0 0 0 0 0 0 0 0 0 0 0 0 0 0 0 0 0 0 0 0 0 0 0 0 0 0 0 0 0 0 0 0 0 0 0 0 0 0 0 0 0 0 0 0 0 0 0 0 0 0 0 7 11
12 15 22 29 49 63 77 106 144 183 287 334 464 553 645 803 988 1102 1309 1325 1513 1526 1467 1294 1058 772 535 328 150 76 37 12 5 1 1 0 0 0 0 0 0 0 0 0 0 0 0 0 0 0 0 0 0 0 0 0 0 0 0 0 0 0 0 0 0 0 0 0 0 0 0 0 0 0 0 0 0 0 0 0 0 0 0 0 0 0 0 0 0 0 0 0 0 0 0 0 0 0 1 6
0 7 8 22 22 36 43 52 96 109 151 205 283 352 396 479 667 755 918 1028 1154 1233 1298 1253 1032 866 621 397 228 86 47 29 12 8 2 0 0 0 0 0 0 0 0 0 0 0 0 0 0 0 0 0 0 0 0 0 0 0 0 0 0 0 0 0 0 0 0 0 0 0 0 0 0 0 0 0 0 0 0 0 0 0 0 0 0 0 0 0 0 0 0 0 0 0 0 0 0 0 0 1
1 0 1 7 17 19 24 41 64 58 92 100 164 212 259 326 416 544 616 747 829 956 1050 1040 1002 900 680 485 310 126 71 43 26 12 4 0 0 0 0 0 0 0 0 0 0 0 0 0 0 0 0 0 0 0 0 0 0 0 0 0 0 0 0 0 0 0 0 0 0 0 0 0 0 0 0 0 0 0 0 0 0 0 0 0 0 0 0 0 0 0 0 0 0 0 0 0 0 0 0 0
0 0 3 2 6 8 15 19 21 33 48 51 74 128 134 193 254 344 392 473 581 668 776 858 910 940 787 607 362 223 119 80 32 22 7 0 0 0 0 0 0 0 0 0 0 0 0 0 0 0 0 0 0 0 0 0 0 0 0 0 0 0 0 0 0 0 0 0 0 0 0 0 0 0 0 0 0 0 0 0 0 0 0 0 0 0 0 0 0 0 0 0 0 0 0 0 0 0 0 0
0 0 0 1 1 8 12 7 18 9 26 35 36 57 94 139 148 219 241 263 367 437 527 581 790 835 758 645 482 318 205 138 63 26 17 9 1 1 0 0 0 0 0 0 0 0 0 0 0 0 0 0 0 0 0 0 0 0 0 0 0 0 0 0 0 0 0 0 0 0 0 0 0 0 0 0 0 0 0 0 0 0 0 0 0 0 0 0 0 0 0 0 0 0 0 0 0 0 0 0
0 0 0 0 2 1 5 5 2 8 12 18 16 33 45 65 90 113 167 177 229 270 340 433 545 629 697 725 598 491 334 210 115 51 26 12 1 1 0 0 0 0 0 0 0 0 0 0 0 0 0 0 0 0 0 0 0 0 0 0 0 0 0 0 0 0 0 0 0 0 0 0 0 0 0 0 0 0 0 0 0 0 0 0 0 0 0 0 0 0 0 0 0 0 0 0 0 0 0 0
0 0 0 1 1 2 5 4 1 4 7 6 3 10 20 24 36 65 82 114 113 168 212 251 334 389 560 639 679 603 429 327 195 124 59 20 8 2 0 2 0 0 0 0 0 0 0 0 0 0 0 0 0 0 0 0 0 0 0 0 0 0 0 0 0 0 0 0 0 0 0 0 0 0 0 0 0 0 0 0 0 0 0 0 0 0 0 0 0 0 0 0 0 0 0 0 0 0 0 0
0 0 2 2 2 1 2 0 1 1 1 2 1 5 8 12 18 35 35 37 52 80 119 116 153 262 355 557 619 692 658 519 351 224 124 74 28 13 7 4 1 0 0 0 0 0 0 0 0 0 0 0 0 0 0 0 0 0 0 0 0 0 0 0 0 0 0 0 0 0 0 0 0 0 0 0 0 0 0 0 0 0 0 0 0 0 0 0 0 0 0 0 0 0 0 0 0 0 0 0
0 0 0 0 1 0 0 0 0 0 1 2 4 0 2 4 6 10 12 27 28 45 51 69 104 153 243 368 568 669 757 682 630 423 254 158 81 39 18 13 5 2 0 0 0 0 0 0 0 0 0 0 0 0 0 0 0 0 0 0 0 0 0 0 0 0 0 0 0 0 0 0 0 0 0 0 0 0 0 0 0 0 0 0 0 0 0 0 0 0 0 0 0 0 0 0 0 0 0 0
0 0 0 0 0 0 0 0 0 1 0 0 2 0 0 1 0 4 7 9 17 25 25 35 41 97 142 278 395 555 761 941 915 690 523 313 170 96 44 25 11 4 5 5 1 0 0 0 0 0 0 0 0 0 0 0 0 0 0 0 0 0 0 0 0 0 0 0 0 0 0 0 0 0 0 0 0 0 0 0 0 0 0 0 0 0 0 0 0 0 0 0 0 0 0 0 0 0 0 0
0 0 0 0 0 0 0 0 0 0 0 0 0 0 0 0 2 4 3 2 7 5 13 19 25 46 96 183 234 467 675 905 1086 1101 740 488 250 135 68 39 24 13 7 4 0 0 0 0 0 0 0 0 0 0 0 0 0 0 0 0 0 0 0 0 0 0 0 0 0 0 0 0 0 0 0 0 0 0 0 0 0 0 0 0 0 0 0 0 0 0 0 0 0 0 0 0 0 0 0 0
0 0 0 0 0 0 0 0 0 0 0 0 0 0 0 0 0 0 2 2 1 2 8 7 10 29 52 92 157 290 545 876 1056 1086 1063 738 465 253 130 66 31 23 12 4 1 0 0 0 0 0 0 0 0 0 0 0 0 0 0 0 0 0 0 0 0 0 0 0 0 0 0 0 0 0 0 0 0 0 0 0 0 0 0 0 0 0 0 0 0 0 0 0 0 0 0 0 0 0 0 0
0 0 0 0 0 0 0 0 0 0 0 0 0 0 0 0 0 0 0 0 0 1 1 5 3 9 14 37 77 180 320 581 820 1121 1031 963 684 441 262 130 57 21 12 3 0 0 0 0 0 0 0 0 0 0 0 0 0 0 0 0 0 0 0 0 0 0 0 0 0 0 0 0 0 0 0 0 0 0 0 0 0 0 0 0 0 0 0 0 0 0 0 0 0 0 0 0 0 0 0 0
0 0 0 0 0 0 0 0 0 0 0 0 0 0 0 0 0 0 0 0 0 0 1 1 7 3 4 17 36 76 169 321 564 825 987 1105 960 695 480 206 100 51 18 7 1 0 0 0 0 0 0 0 0 0 0 0 0 0 0 0 0 0 0 0 0 0 0 0 0 0 0 0 0 0 0 0 0 0 0 0 0 0 0 0 0 0 0 0 0 0 0 0 0 0 0 0 0 0 0 0
0 0 0 0 0 0 0 0 0 0 0 0 0 0 0 0 0 0 0 0 0 0 0 0 0 0 0 5 8 24 59 185 312 519 799 1047 1041 936 648 344 177 105 35 9 3 0 0 0 0 0 0 0 0 0 0 0 0 0 0 0 0 0 0 0 0 0 0 0 0 0 0 0 0 0 0 0 0 0 0 0 0 0 0 0 0 0 0 0 0 0 0 0 0 0 0 0 0 0 0 0
0 0 0 0 0 0 0 0 0 0 0 0 0 0 0 0 0 0 0 0 0 0 0 0 0 0 0 0 2 2 33 76 166 349 509 734 1030 1035 819 564 321 161 59 22 5 1 1 0 0 0 0 0 0 0 0 0 0 0 0 0 0 0 0 0 0 0 0 0 0 0 0 0 0 0 0 0 0 0 0 0 0 0 0 0 0 0 0 0 0 0 0 0 0 0 0 0 0 0 0 0
0 0 0 0 0 0 0 0 0 0 0 0 0 0 0 0 0 0 0 0 0 0 0 0 0 0 0 0 1 4 11 47 70 172 294 479 673 890 812 726 435 240 105 42 14 2 1 0 0 0 0 0 0 0 0 0 0 0 0 0 0 0 0 0 0 0 0 0 0 0 0 0 0 0 0 0 0 0 0 0 0 0 0 0 0 0 0 0 0 0 0 0 0 0 0 0 0 0 0 0
0 0 0 0 0 0 0 0 0 0 0 0 0 0 0 0 0 0 0 0 0 0 0 0 0 0 0 0 0 3 11 17 32 67 131 225 407 623 693 669 477 282 166 73 25 13 6 0 0 0 0 0 0 0 0 0 0 0 0 0 0 0 0 0 0 0 0 0 0 0 0 0 0 0 0 0 0 0 0 0 0 0 0 0 0 0 0 0 0 0 0 0 0 0 0 0 0 0 0 0
0 0 0 0 0 0 0 0 0 0 0 0 0 0 0 0 0 0 0 0 0 0 0 0 0 0 0 0 0 1 4 4 18 32 48 97 221 347 483 494 434 324 193 97 46 15 6 2 0 0 0 0 0 0 0 0 0 0 0 0 0 0 0 0 0 0 0 0 0 0 0 0 0 0 0 0 0 0 0 0 0 0 0 0 0 0 0 0 0 0 0 0 0 0 0 0 0 0 0 0
0 0 0 0 0 0 0 0 0 0 0 0 0 0 0 0 0 0 0 0 0 0 0 0 0 0 0 0 0 0 1 4 6 15 18 43 99 170 265 321 352 281 198 101 27 21 9 1 0 0 0 0 0 0 0 0 0 0 0 0 0 0 0 0 0 0 0 0 0 0 0 0 0 0 0 0 0 0 0 0 0 0 0 0 0 0 0 0 0 0 0 0 0 0 0 0 0 0 0 0
0 0 0 0 0 0 0 0 0 0 0 0 0 0 0 0 0 0 0 0 0 0 0 0 0 0 0 0 0 0 2 2 2 3 4 27 54 86 134 162 230 209 162 85 41 27 10 0 0 0 0 0 0 0 0 0 0 0 0 0 0 0 0 0 0 0 0 0 0 0 0 0 0 0 0 0 0 0 0 0 0 0 0 0 0 0 0 0 0 0 0 0 0 0 0 0 0 0 0 0
0 0 0 0 0 0 0 0 0 0 0 0 0 0 0 0 0 0 0 0 0 0 0 0 0 0 0 0 0 0 0 0 0 0 6 4 14 31 46 79 100 116 124 64 41 13 3 0 0 0 0 0 0 0 0 0 0 0 0 0 0 0 0 0 0 0 0 0 0 0 0 0 0 0 0 0 0 0 0 0 0 0 0 0 0 0 0 0 0 0 0 0 0 0 0 0 0 0 0 0
0 0 0 0 0 0 0 0 0 0 0 0 0 0 0 0 0 0 0 0 0 0 0 0 0 0 0 0 0 0 0 0 0 0 0 3 2 8 22 23 44 37 52 39 27 13 2 4 0 0 0 0 0 0 0 0 0 0 0 0 0 0 0 0 0 0 0 0 0 0 0 0 0 0 0 0 0 0 0 0 0 0 0 0 0 0 0 0 0 0 0 0 0 0 0 0 0 0 0 0
0 0 0 0 0 0 0 0 0 0 0 0 0 0 0 0 0 0 0 0 0 0 0 0 0 0 0 0 0 0 0 0 0 0 0 0 0 3 4 11 16 18 34 33 13 7 3 0 1 0 0 0 0 0 0 0 0 0 0 0 0 0 0 0 0 0 0 0 0 0 0 0 0 0 0 0 0 0 0 0 0 0 0 0 0 0 0 0 0 0 0 0 0 0 0 0 0 0 0 0
0 0 0 0 0 0 0 0 0 0 0 0 0 0 0 0 0 0 0 0 0 0 0 0 0 0 0 0 0 0 0 0 0 0 0 0 0 0 3 2 7 6 13 8 7 6 0 0 0 0 0 0 0 0 0 0 0 0 0 0 0 0 0 0 0 0 0 0 0 0 0 0 0 0 0 0 0 0 0 0 0 0 0 0 0 0 0 0 0 0 0 0 0 0 0 0 0 0 0 0
0 0 0 0 0 0 0 0 0 0 0 0 0 0 0 0 0 0 0 0 0 0 0 0 0 0 0 0 0 0 0 0 0 0 0 0 0 1 0 0 0 1 1 3 0 1 0 0 0 0 0 0 0 0 0 0 0 0 0 0 0 0 0 0 0 0 0 0 0 0 0 0 0 0 0 0 0 0 0 0 0 0 0 0 0 0 0 0 0 0 0 0 0 0 0 0 0 0 0 0
0 0 0 0 0 0 0 0 0 0 0 0 0 0 0 0 0 0 0 0 0 0 0 0 0 0 0 0 0 0 0 0 0 0 0 0 0 0 0 0 0 0 0 0 1 0 0 0 0 0 0 0 0 0 0 0 0 0 0 0 0 0 0 0 0 0 0 0 0 0 0 0 0 0 0 0 0 0 0 0 0 0 0 0 0 0 0 0 0 0 0 0 0 0 0 0 0 0 0 0
0 0 0 0 0 0 0 0 0 0 0 0 0 0 0 0 0 0 0 0 0 0 0 0 0 0 0 0 0 0 0 0 0 0 0 0 0 0 0 0 0 0 0 0 0 0 0 0 0 0 0 0 0 0 0 0 0 0 0 0 0 0 0 0 0 0 0 0 0 0 0 0 0 0 0 0 0 0 0 0 0 0 0 0 0 0 0 0 0 0 0 0 0 0 0 0 0 0 0 0
0 0 0 0 0 0 0 0 0 0 0 0 0 0 0 0 0 0 0 0 0 0 0 0 0 0 0 0 0 0 0 0 0 0 0 0 0 0 0 0 0 0 0 0 0 0 0 0 0 0 0 0 0 0 0 0 0 0 0 0 0 0 0 0 0 0 0 0 0 0 0 0 0 0 0 0 0 0 0 0 0 0 0 0 0 0 0 0 0 0 0 0 0 0 0 0 0 0 0 0
0 0 0 0 0 0 0 0 0 0 0 0 0 0 0 0 0 0 0 0 0 0 0 0 0 0 0 0 0 0 0 0 0 0 0 0 0 0 0 0 0 0 0 0 0 0 0 0 0 0 0 0 0 0 0 0 0 0 0 0 0 0 0 0 0 0 0 0 0 0 0 0 0 0 0 0 0 0 0 0 0 0 0 0 0 0 0 0 0 0 0 0 0 0 0 0 0 0 0 0
0 0 0 0 0 0 0 0 0 0 0 0 0 0 0 0 0 0 0 0 0 0 0 0 0 0 0 0 0 0 0 0 0 0 0 0 0 0 0 0 0 0 0 0 0 0 0 0 0 0 0 0 0 0 0 0 0 0 0 0 0 0 0 0 0 0 0 0 0 0 0 0 0 0 0 0 0 0 0 0 0 0 0 0 0 0 0 0 0 0 0 0 0 0 0 0 0 0 0 0
0 0 0 0 0 0 0 0 0 0 0 0 0 0 0 0 0 0 0 0 0 0 0 0 0 0 0 0 0 0 0 0 0 0 0 0 0 0 0 0 0 0 0 0 0 0 0 0 0 0 0 0 0 0 0 0 0 0 0 0 0 0 0 0 0 0 0 0 0 0 0 0 0 0 0 0 0 0 0 0 0 0 0 0 0 0 0 0 0 0 0 0 0 0 0 0 0 0 0 0
0 0 0 0 0 0 0 0 0 0 0 0 0 0 0 0 0 0 0 0 0 0 0 0 0 0 0 0 0 0 0 0 0 0 0 0 0 0 0 0 0 0 0 0 0 0 0 0 0 0 0 0 0 0 0 0 0 0 0 0 0 0 0 0 0 0 0 0 0 0 0 0 0 0 0 0 0 0 0 0 0 0 0 0 0 0 0 0 0 0 0 0 0 0 0 0 0 0 0 0
0 0 0 0 0 0 0 0 0 0 0 0 0 0 0 0 0 0 0 0 0 0 0 0 0 0 0 0 0 0 0 0 0 0 0 0 0 0 0 0 0 0 0 0 0 0 0 0 0 0 0 0 0 0 0 0 0 0 0 0 0 0 0 0 0 0 0 0 0 0 0 0 0 0 0 0 0 0 0 0 0 0 0 0 0 0 0 0 0 0 0 0 0 0 0 0 0 0 0 0
0 0 0 0 0 0 0 0 0 0 0 0 0 0 0 0 0 0 0 0 0 0 0 0 0 0 0 0 0 0 0 0 0 0 0 0 0 0 0 0 0 0 0 0 0 0 0 0 0 0 0 0 0 0 0 0 0 0 0 0 0 0 0 0 0 0 0 0 0 0 0 0 0 0 0 0 0 0 0 0 0 0 0 0 0 0 0 0 0 0 0 0 0 0 0 0 0 0 0 0
0 0 0 0 0 0 0 0 0 0 0 0 0 0 0 0 0 0 0 0 0 0 0 0 0 0 0 0 0 0 0 0 0 0 0 0 0 0 0 0 0 0 0 0 0 0 0 0 0 0 0 0 0 0 0 0 0 0 0 0 0 1 1 0 0 0 0 0 0 0 0 0 0 0 0 0 0 0 0 0 0 0 0 0 0 0 0 0 0 0 0 0 0 0 0 0 0 0 0 0
0 0 0 0 0 0 0 0 0 0 0 0 0 0 0 0 0 0 0 0 0 0 0 0 0 0 0 0 0 0 0 0 0 0 0 0 0 0 0 0 0 0 0 0 0 0 0 0 0 0 0 0 0 0 0 0 0 0 0 0 9 6 7 8 3 1 0 0 0 0 0 0 0 0 0 0 0 0 0 0 0 0 0 0 0 0 0 0 0 0 0 0 0 0 0 0 0 0 0 0
0 0 0 0 0 0 0 0 0 0 0 0 0 0 0 0 0 0 0 0 0 0 0 0 0 0 0 0 0 0 0 0 0 0 0 0 0 0 0 0 0 0 0 0 0 0 0 0 0 0 0 0 0 0 0 0 0 0 1 7 33 47 50 34 30 19 11 3 3 1 0 0 0 0 0 0 0 0 0 0 0 0 0 0 0 0 0 0 0 0 0 0 0 0 0 0 0 0 0 0
0 0 0 0 0 0 0 0 0 0 0 0 0 0 0 0 0 0 0 0 0 0 0 0 0 0 0 0 0 0 0 0 0 0 0 0 0 0 0 0 0 0 0 0 0 0 0 0 0 0 0 0 0 0 0 0 0 0 2 26 78 128 175 147 99 64 31 13 9 2 4 2 0 0 0 0 0 0 0 0 0 0 0 0 0 0 0 0 0 0 0 0 0 0 0 0 0 0 0 0
0 0 0 0 0 0 0 0 0 0 0 0 0 0 0 0 0 0 0 0 0 0 0 0 0 0 0 0 0 0 0 0 0 0 0 0 0 0 0 0 0 0 0 0 0 0 0 0 0 0 0 0 0 0 0 0 0 0 6 47 130 244 352 304 254 168 83 41 23 14 10 4 1 0 0 0 0 0 0 0 0 0 0 0 0 0 0 0 0 0 0 0 0 0 0 0 0 0 0 0
0 0 0 0 0 0 0 0 0 0 0 0 0 0 0 0 0 0 0 0 0 0 0 0 0 0 0 0 0 0 0 0 0 0 0 0 0 0 0 0 0 0 0 0 0 0 0 0 0 0 0 0 0 0 0 0 0 1 10 57 166 337 530 626 529 369 219 114 50 39 18 6 2 1 0 0 0 0 0 0 0 0 0 0 0 0 0 0 0 0 0 0 0 0 0 0 0 0 0 0
0 0 0 0 0 0 0 0 0 0 0 0 0 0 0 0 0 0 0 0 0 0 0 0 0 0 0 0 0 0 0 0 0 0 0 0 0 0 0 0 0 0 0 0 0 0 0 0 0 0 0 0 0 0 0 0 0 1 5 38 137 323 615 852 912 692 477 265 150 85 44 13 5 1 0 0 0 0 0 0 0 0 0 0 0 0 0 0 0 0 0 0 0 0 0 0 0 0 0 0
0 0 0 0 0 0 0 0 0 0 0 0 0 0 0 0 0 0 0 0 0 0 0 0 0 0 0 0 0 0 0 0 0 0 0 0 0 0 0 0 0 0 0 0 0 0 0 0 0 0 0 0 0 0 0 0 0 0 7 22 106 245 504 843 1128 1185 842 570 285 195 91 36 14 1 0 0 1 0 0 0 0 0 0 0 0 0 0 0 0 0 0 0 0 0 0 0 0 0 0 0
0 0 0 0 0 0 0 0 0 0 0 0 0 0 0 0 0 0 0 0 0 0 0 0 0 0 0 0 0 0 0 0 0 0 0 0 0 0 0 0 0 0 0 0 0 0 0 0 0 0 0 0 0 0 0 0 0 0 1 16 49 153 377 712 1099 1396 1271 937 588 290 138 74 25 8 3 6 1 1 1 0 0 0 0 0 0 0 0 0 0 0 0 0 0 0 0 0 0 0 0 0
0 0 0 0 0 0 0 0 0 0 0 0 0 0 0 0 0 0 0 0 0 0 0 0 0 0 0 0 0 0 0 0 0 0 0 0 0 0 0 0 0 0 0 0 0 0 0 0 0 0 0 0 0 0 0 0 0 0 0 8 22 90 209 453 866 1237 1372 1161 827 503 250 117 54 27 13 14 3 1 2 2 1 0 0 0 0 0 0 0 0 0 0 0 0 0 0 0 0 0 0 0
0 0 0 0 0 0 0 0 0 0 0 0 0 0 0 0 0 0 0 0 0 0 0 0 0 0 0 0 0 0 0 0 0 0 0 0 0 0 0 0 0 0 0 0 0 0 0 0 0 0 0 0 0 0 0 0 0 0 0 2 9 33 96 263 540 897 1227 1276 1038 675 456 213 93 42 49 20 24 12 11 2 1 3 0 0 0 0 0 0 0 0 0 0 0 0 0 0 0 0 0 0
0 0 0 0 0 0 0 0 0 0 0 0 0 0 0 0 0 0 0 0 0 0 0 0 0 0 0 0 0 0 0 0 0 0 0 0 0 0 0 0 0 0 0 0 0 0 0 0 0 0 0 0 0 0 0 0 0 0 0 2 6 13 41 139 300 509 772 1015 1039 822 597 384 180 91 65 64 48 23 13 10 7 5 5 0 0 0 0 0 0 0 0 0 0 0 0 0 0 0 0 0
0 0 0 0 0 0 0 0 0 0 0 0 0 0 0 0 0 0 0 0 0 0 0 0 0 0 0 0 0 0 0 0 0 0 0 0 0 0 0 0 0 0 0 0 0 0 0 0 0 0 0 0 0 0 0 0 0 0 0 2 2 6 26 68 149 287 434 660 799 808 680 504 307 201 115 98 63 42 35 20 12 10 11 9 1 1 0 0 0 0 0 0 0 0 0 0 0 0 0 0
0 0 0 0 0 0 0 0 0 0 0 0 0 0 0 0 0 0 0 0 0 0 0 0 0 0 0 0 0 0 0 0 0 0 0 0 0 0 0 0 0 0 0 0 0 0 0 0 0 0 0 0 0 0 0 0 0 0 0 1 0 3 8 45 53 135 224 390 510 630 691 580 493 356 252 156 119 83 56 24 21 26 16 14 3 4 3 4 1 0 0 0 0 0 0 0 0 0 0 0
0 0 0 0 0 0 0 0 0 0 0 0 0 0 0 0 0 0 0 0 0 0 0 0 0 0 0 0 0 0 0 0 0 0 0 0 0 0 0 0 0 0 0 0 0 0 0 0 0 0 0 0 0 0 0 0 0 0 0 0 1 1 3 20 25 50 102 177 257 444 558 643 615 474 400 259 217 149 103 77 56 43 39 30 17 12 10 6 4 0 0 0 0 0 0 1 0 0 0 1
0 0 0 0 0 0 0 0 0 0 0 0 0 0 0 0 0 0 0 0 0 0 0 0 0 0 0 0 0 0 0 0 0 0 0 0 0 0 0 0 0 0 0 0 0 0 0 0 0 0 0 0 0 0 0 0 0 0 0 0 0 1 4 6 9 20 30 90 180 258 398 542 613 613 605 497 377 252 193 158 127 93 83 68 49 38 27 21 9 3 2 2 2 1 2 0 0 1 2 1
0 0 0 0 0 0 0 0 0 0 0 0 0 0 0 0 0 0 0 0 0 0 0 0 0 0 0 0 0 0 0 0 0 0 0 0 0 0 0 0 0 0 0 0 0 0 0 0 0 0 0 0 0 0 0 0 0 0 0 0 0 0 1 4 4 8 15 64 94 132 258 417 596 644 693 690 614 495 393 320 272 198 160 123 95 81 68 36 17 10 14 12 6 6 3 3 1 3 1 1
1 0 0 0 0 0 0 0 0 0 0 0 0 0 0 0 0 0 0 0 0 0 0 0 0 0 0 0 0 0 0 0 0 0 0 0 0 0 0 0 0 0 0 0 0 0 0 0 0 0 0 0 0 0 0 0 0 0 0 0 0 0 1 2 2 3 10 22 57 99 201 314 493 623 828 832 916 822 710 578 448 422 286 234 170 138 103 75 65 32 32 18 16 13 5 3 6 3 2 0
2 2 0 0 0 0 0 0 0 0 0 0 0 0 0 0 0 0 0 0 0 0 0 0 0 0 0 0 0 0 0 0 0 0 0 0 0 0 0 0 0 0 0 0 0 0 0 0 0 0 0 0 0 0 0 0 0 0 0 0 0 0 0 0 2 4 12 20 37 89 132 214 390 581 806 962 1056 1070 978 864 816 685 544 403 322 251 187 151 106 87 55 48 38 24 15 17 8 4 3 6
1 2 0 1 0 0 0 0 0 0 0 1 0 0 0 0 0 0 0 0 0 0 0 0 0 0 0 0 0 0 0 0 0 0 0 0 0 0 0 0 0 0 0 0 0 0 0 0 0 0 0 0 0 0 0 0 0 0 0 0 0 0 0 0 1 5 6 17 29 39 89 155 304 511 768 1097 1270 1296 1289 1236 1176 950 811 660 506 422 317 264 204 143 105 84 60 45 43 27 16 11 6 3
11 6 5 2 2 0 0 0 0 1 1 1 0 0 2 0 0 0 0 0 0 0 0 0 0 0 0 0 0 0 0 0 0 0 0 0 0 0 0 0 0 0 0 0 0 0 0 0 0 0 0 0 0 0 0 0 0 0 0 0 0 0 0 0 1 0 8 12 20 39 64 109 230 440 734 982 1250 1475 1472 1479 1421 1211 1130 891 791 601 535 422 348 245 169 114 140 98 67 57 21 22 14 15
19 10 12 5 6 0 0 0 0 0 1 0 0 1 0 0 0 0 0 0 0 0 0 0 0 0 0 0 0 0 0 0 0 0 0 0 0 0 0 0 0 0 0 0 0 0 0 0 0 0 0 0 0 0 0 0 0 0 0 0 0 0 0 0 0 2 2 5 16 33 48 101 189 394 565 871 1232 1461 1610 1580 1512 1457 1399 1244 1066 819 743 615 516 375 284 213 182 147 96 83 63 46 31 14
26 21 5 4 3 2 0 0 0 0 2 1 3 0 0 0 0 0 0 0 0 0 0 0 0 0 0 0 0 0 0 0 0 0 0 0 0 0 0 0 0 0 0 0 0 0 0 0 0 0 0 0 0 0 0 0 0 0 0 0 0 0 0 0 0 1 0 6 12 14 35 78 157 281 507 771 1113 1423 1596 1632 1704 1711 1736 1525 1257 1105 912 762 679 505 427 359 260 175 127 102 87 69 35 46
35 30 14 8 2 4 1 0 0 1 1 1 2 1 0 0 0 0 0 0 0 0 0 0 0 0 0 0 0 0 0 0 0 0 0 0 0 0 0 0 0 0 0 0 0 0 0 0 0 0 0 0 0 0 0 0 0 0 0 0 0 0 0 0 0 0 0 4 5 16 18 59 131 271 443 689 967 1281 1604 1735 1864 1881 1812 1685 1580 1319 1181 980 840 728 611 512 394 270 228 166 129 89 62 45
46 49 18 12 7 4 1 1 4 0 0 1 1 0 0 0 0 0 0 0 0 0 0 0 0 0 0 0 0 0 0 0 0 0 0 0 0 0 0 0 0 0 0 0 0 0 0 0 0 0 0 0 0 0 0 0 0 0 0 0 0 0 0 0 0 0 1 1 3 12 19 49 107 214 361 624 896 1267 1524 1706 1877 1908 1868 1693 1694 1535 1306 1185 1030 921 776 660 520 387 292 223 188 117 90 63
87 74 37 28 19 15 6 5 1 2 1 3 4 0 0 2 0 0 0 0 0 0 0 0 0 0 0 0 0 0 0 0 0 0 0 0 0 0 0 0 0 0 0 0 0 0 0 0 0 0 0 0 0 0 0 0 0 0 0 0 0 0 0 0 0 0 0 1 0 6 15 30 94 183 321 511 786 1080 1423 1588 1832 1876 1878 1856 1804 1618 1511 1323 1235 1088 939 739 647 547 426 349 249 192 139 104
114 82 48 46 17 31 9 12 1 2 1 0 1 2 1 1 1 0 0 0 0 0 0 0 0 0 0 0 0 0 0 0 0 0 0 0 0 0 0 0 0 0 0 0 0 0 0 0 0 0 0 0 0 0 0 0 0 0 0 0 0 0 0 0 0 0 0 1 3 0 8 30 74 141 238 436 681 937 1158 1446 1710 1866 1825 1795 1833 1635 1597 1555 1327 1209 1049 950 808 669 573 473 323 238 173 157
145 104 81 63 37 33 23 17 3 3 1 0 1 0 3 0 0 0 0 0 0 0 0 0 0 0 0 0 0 0 0 0 0 0 0 0 0 0 0 0 0 0 0 0 0 0 0 0 0 0 0 0 0 0 0 0 0 0 0 0 0 0 0 0 0 0 0 1 3 0 5 26 56 111 210 364 626 808 1018 1273 1490 1659 1853 1872 1836 1765 1730 1688 1450 1288 1241 1044 980 778 702 549 395 315 280 189
198 161 117 63 49 43 42 14 10 8 5 2 4 3 2 1 0 0 0 1 1 0 0 0 0 0 0 0 0 0 0 0 0 0 0 0 0 0 0 0 0 0 0 0 0 0 0 0 0 0 0 0 0 0 0 0 0 0 0 0 0 0 0 0 0 0 0 1 0 1 5 14 28 91 155 294 468 642 812 1035 1280 1502 1598 1694 1813 1738 1655 1637 1626 1516 1346 1227 1055 966 779 609 461 406 355 290
268 196 157 109 84 70 31 29 25 14 12 10 5 3 1 2 0 0 0 2 0 0 0 0 0 0 0 0 0 0 0 0 0 0 0 0 0 0 0 0 0 0 0 0 0 0 0 0 0 0 0 0 0 0 0 0 0 0 0 0 0 0 0 0 0 0 0 0 0 0 4 8 21 61 126 213 368 525 655 895 1100 1338 1520 1651 1769 1707 1667 1656 1611 1558 1467 1365 1175 1056 911 737 629 484 415 353
353 297 210 168 118 81 54 46 19 14 13 12 3 3 4 2 2 0 0 0 0 0 1 0 0 0 0 0 0 0 0 0 0 0 0 0 0 0 0 0 0 0 0 0 0 0 0 0 0 0 0 0 0 0 0 0 0 0 0 0 0 0 0 0 0 0 0 0 0 0 1 4 10 41 81 157 263 383 572 742 955 1154 1276 1544 1571 1648 1670 1651 1674 1611 1532 1458 1313 1201 1053 923 773 621 547 432
458 324 257 247 186 138 66 57 41 29 20 15 15 3 2 4 2 4 1 0 2 1 1 0 0 0 0 0 0 0 0 0 0 0 0 0 0 0 0 0 0 0 0 0 0 0 0 0 0 0 0 0 0 0 0 0 0 0 0 0 0 0 0 0 0 0 0 0 0 0 0 4 10 18 64 99 182 286 444 614 843 1027 1277 1365 1493 1617 1670 1612 1693 1620 1565 1539 1371 1261 1145 1015 831 800 681 529
525 455 365 306 223 190 113 81 60 42 19 20 13 9 4 4 5 1 1 0 2 3 1 0 0 0 0 0 0 0 0 0 0 0 0 0 0 0 0 0 0 0 0 0 0 0 0 0 0 0 0 0 0 0 0 0 0 0 0 0 0 0 0 0 0 0 0 0 0 0 0 1 5 12 45 75 123 216 310 521 645 833 1039 1173 1399 1454 1537 1648 1634 1682 1615 1483 1452 1398 1274 1157 1070 860 802 691
672 526 471 416 263 225 149 117 79 44 40 28 18 15 12 8 2 3 0 4 2 2 0 0 0 0 0 0 0 0 0 0 0 0 0 0 0 0 0 0 0 0 0 0 0 0 0 0 0 0 0 0 0 0 0 0 0 0 0 0 0 0 0 0 0 0 0 0 0 0 0 1 5 13 28 43 96 174 293 377 534 714 890 1106 1162 1362 1493 1528 1614 1611 1620 1597 1509 1467 1390 1290 1189 991 892 769
794 640 605 514 385 304 253 156 130 72 59 39 29 25 16 5 7 0 2 1 0 0 0 0 0 0 0 0 0 0 0 0 0 0 0 0 0 0 0 0 0 0 0 0 0 0 0 0 0 0 0 0 0 0 0 0 0 0 0 0 0 0 0 0 0 0 0 0 0 0 0 0 5 13 18 41 55 150 202 323 480 607 793 859 1019 1203 1386 1396 1558 1540 1575 1628 1607 1597 1452 1376 1173 1121 1047 871
912 788 724 623 460 384 299 228 181 130 80 54 44 30 28 15 4 5 1 3 0 2 0 0 0 0 0 0 0 0 0 0 0 0 0 0 0 0 0 0 0 0 0 0 0 0 0 0 0 0 0 0 0 0 0 0 0 0 0 0 0 0 0 0 0 0 0 0 0 0 0 0 1 8 18 29 67 100 165 287 386 508 597 777 942 990 1140 1324 1447 1453 1497 1533 1553 1551 1473 1365 1365 1204 1017 978
991 974 770 705 536 432 391 292 238 153 123 81 62 36 23 18 10 5 5 5 3 0 0 0 0 0 0 0 0 0 0 0 0 0 0 0 0 0 0 0 0 0 0 0 0 0 0 0 0 0 0 0 0 0 0 0 0 0 0 0 0 0 0 0 0 0 0 0 0 0 0 1 2 6 9 19 43 88 128 225 281 386 485 625 808 974 1052 1198 1276 1376 1402 1515 1488 1532 1433 1454 1470 1274 1187 1096
1146 1095 929 816 686 509 441 353 272 232 158 137 74 72 33 23 10 9 8 5 3 3 1 1 0 0 0 0 0 0 0 0 0 0 0 0 0 0 0 0 0 0 0 0 0 0 0 0 0 0 0 0 0 0 0 0 0 0 0 0 0 0 0 0 0 0 0 0 0 0 0 1 3 4 10 26 27 63 108 159 222 301 432 556 675 810 866 1041 1095 1185 1326 1343 1390 1473 1493 1484 1465 1432 1301 1188
1308 1217 1056 906 808 662 541 439 351 299 218 163 111 85 73 22 14 20 8 10 5 3 2 0 0 0 0 0 0 0 0 0 0 0 0 0 0 0 0 0 0 0 0 0 0 0 0 0 0 0 0 0 0 0 0 0 0 0 0 0 0 0 0 0 0 0 0 0 0 0 0 1 1 2 11 16 23 39 71 105 169 244 325 434 549 684 783 850 981 1109 1324 1352 1356 1445 1444 1485 1492 1543 1423 1340
1447 1329 1217 1052 903 795 695 550 453 341 299 228 151 106 87 53 27 22 20 11 5 0 1 0 1 0 0 0 0 0 0 0 0 0 0 0 0 0 0 0 0 0 0 0 0 0 0 0 0 0 0 0 0 0 0 0 0 0 0 0 0 0 0 0 0 0 0 0 0 0 0 1 0 4 5 6 17 23 58 81 102 181 268 347 407 556 614 738 823 986 1161 1308 1340 1357 1406 1426 1530 1655 1589 1483
1571 1402 1367 1262 1043 894 825 630 555 467 338 289 210 132 109 85 50 42 32 17 12 5 5 4 3 1 0 0 0 0 0 0 0 0 0 0 0 0 0 0 0 0 0 0 0 0 0 0 0 0 0 0 0 0 0 0 0 0 0 0 0 0 0 0 0 0 0 0 0 0 0 1 2 1 1 7 14 28 39 55 81 123 200 278 367 432 476 643 727 869 984 1167 1256 1269 1425 1556 1550 1683 1632 1592
1599 1626 1483 1372 1279 1015 910 829 669 507 389 314 275 209 158 106 79 77 38 23 13 11 9 3 1 0 0 0 0 0 0 0 0 0 0 0 0 0 0 0 0 0 0 0 0 0 0 0 0 0 0 0 0 0 0 0 0 0 0 0 0 0 0 0 0 0 0 0 0 0 0 0 1 0 1 5 10 11 22 50 75 104 152 208 267 322 415 542 664 790 871 1030 1061 1197 1337 1376 1560 1658 1662 1730
1690 1604 1540 1460 1386 1244 1094 884 798 638 536 398 319 262 192 165 113 87 59 44 29 11 7 4 0 0 0 0 0 0 0 0 0 0 0 0 0 0 0 0 0 0 0 0 0 0 0 0 0 0 0 0 0 0 0 0 0 0 0 0 0 0 0 0 0 0 0 0 0 0 0 1 0 0 0 1 1 8 24 42 58 68 93 150 256 285 360 418 554 685 766 895 976 1114 1193 1363 1530 1558 1692 1691
