#lt    40
#count pbc
#dt    1.0
#dn    40
#edges -4.4394307136535645 -4.350642099380493 -4.261853485107421 -4.17306487083435 -4.084276256561278 -3.9954876422882064 -3.906699028015135 -3.817910413742063 -3.7291217994689916 -3.64033318519592 -3.5515445709228484 -3.4627559566497768 -3.373967342376705 -3.2851787281036335 -3.196390113830562 -3.1076014995574903 -3.0188128852844187 -2.930024271011347 -2.8412356567382755 -2.752447042465204 -2.6636584281921323 -2.5748698139190607 -2.486081199645989 -2.3972925853729175 -2.308503971099846 -2.2197153568267742 -2.1309267425537026 -2.042138128280631 -1.9533495140075594 -1.8645608997344878 -1.7757722854614162 -1.6869836711883446 -1.598195056915273 -1.5094064426422014 -1.4206178283691298 -1.3318292140960581 -1.2430405998229865 -1.154251985549915 -1.0654633712768433 -0.9766747570037717 -0.8878861427307001 -0.7990975284576285 -0.7103089141845569 -0.6215202999114853 -0.5327316856384137 -0.44394307136534206 -0.35515445709227045 -0.26636584281919884 -0.17757722854612723 -0.08878861427305562 1.5987211554602254e-14 0.0887886142730876 0.1775772285461592 0.2663658428192308 0.3551544570923024 0.44394307136537403 0.5327316856384456 0.6215202999115172 0.7103089141845889 0.7990975284576605 0.8878861427307321 0.9766747570038037 1.0654633712768753 1.154251985549947 1.2430405998230185 1.3318292140960901 1.4206178283691617 1.5094064426422333 1.598195056915305 1.6869836711883766 1.7757722854614482 1.8645608997345198 1.9533495140075914 2.042138128280663 2.1309267425537346 2.219715356826806 2.308503971099878 2.3972925853729494 2.486081199646021 2.5748698139190926 2.6636584281921643 2.752447042465236 2.8412356567383075 2.930024271011379 3.0188128852844507 3.1076014995575223 3.196390113830594 3.2851787281036655 3.373967342376737 3.4627559566498087 3.5515445709228803 3.640333185195953 3.7291217994690236 3.8179104137420943 3.9066990280151668 3.9954876422882393 4.08427625656131 4.173064870834381 4.261853485107453 4.350642099380526 4.439430713653596
835 958 996 998 886 840 826 816 754 770 650 665 648 658 607 573 520 482 425 395 318 316 231 167 95 71 45 34 15 9 2 3 2 0 0 0 0 0 0 0 0 0 0 0 0 0 0 0 0 0 0 0 0 0 0 0 0 0 0 0 0 0 0 0 0 0 0 0 0 0 0 0 5 23 41 92 135 200 290 346 389 447 508 473 532 504 519 623 653 659 716 775 780 724 808 795 817 820 839 826
949 965 935 1012 918 910 879 833 804 741 733 662 680 641 715 580 589 532 471 468 410 351 245 193 101 76 45 26 19 10 9 4 3 0 0 0 0 0 0 0 0 0 0 0 0 0 0 0 0 0 0 0 0 0 0 0 0 0 0 0 0 0 0 0 0 0 0 0 0 0 2 0 6 13 29 73 111 157 208 309 324 386 407 426 418 467 515 526 597 640 720 667 688 732 764 783 823 907 873 883
935 925 966 970 971 956 863 873 780 772 742 737 725 728 755 656 615 565 515 467 441 362 278 172 145 85 43 41 16 13 8 4 1 0 0 0 0 0 0 0 0 0 0 0 0 0 0 0 0 0 0 0 0 0 0 0 0 0 0 0 0 0 0 0 0 0 0 0 0 0 0 0 3 11 24 63 102 136 184 238 283 369 333 376 383 442 431 478 580 599 616 697 721 737 741 752 820 865 925 888
924 973 1031 965 973 922 832 835 791 831 825 823 789 736 762 723 668 639 577 559 458 365 322 202 147 100 57 36 25 10 5 1 0 0 0 0 0 0 0 0 0 0 0 0 0 0 0 0 0 0 0 0 0 0 0 0 0 0 0 0 0 0 0 0 0 0 0 0 0 0 1 5 4 8 32 50 86 117 184 192 243 294 342 345 404 426 453 471 498 591 588 625 630 623 714 755 857 848 949 921
951 933 948 933 970 1016 903 843 821 868 873 869 860 805 808 745 777 643 611 558 467 431 279 221 165 107 64 50 25 13 5 1 0 0 0 0 0 0 0 0 0 0 0 0 0 0 0 0 0 0 0 0 0 0 0 0 0 0 0 0 0 0 0 0 0 0 0 0 0 0 0 2 8 8 27 40 65 103 127 156 182 248 273 312 354 402 411 454 488 487 583 600 620 616 621 805 784 825 904 963
965 902 904 895 1019 925 910 902 876 893 894 874 899 900 871 863 778 755 699 591 494 455 332 228 165 106 81 54 37 17 7 2 0 0 0 0 0 0 0 0 0 0 0 0 0 0 0 0 0 0 0 0 0 0 0 0 0 0 0 0 0 0 0 0 0 0 0 0 0 0 0 0 1 10 11 35 71 81 102 132 164 234 265 327 315 357 375 390 446 466 523 545 536 608 611 681 710 833 884 927
941 847 909 890 904 944 907 907 922 950 941 957 929 903 922 900 898 795 704 619 560 462 345 258 149 123 99 56 30 23 15 5 2 0 0 0 0 0 0 0 0 0 0 0 0 0 0 0 0 0 0 0 0 0 0 0 0 0 0 0 0 0 0 0 0 0 0 0 0 0 0 0 1 5 21 29 43 78 82 111 156 206 235 253 294 334 353 361 346 406 433 517 533 591 613 684 694 755 827 888
872 886 897 871 945 940 930 914 977 1002 1009 997 898 947 905 934 915 796 713 668 538 471 394 259 202 138 105 63 51 40 18 6 0 0 0 0 0 0 0 0 0 0 0 0 0 0 0 0 0 0 0 0 0 0 0 0 0 0 0 0 0 0 0 0 0 0 0 0 0 0 0 1 4 10 19 24 39 58 72 112 153 160 218 206 272 263 283 322 344 328 371 496 511 579 579 621 734 734 797 786
830 800 858 872 924 886 927 994 1034 1010 1018 992 965 930 1004 996 912 856 831 740 581 456 417 319 218 158 89 72 72 34 17 7 1 0 0 0 0 0 0 0 0 0 0 0 0 0 0 0 0 0 0 0 0 0 0 0 0 0 0 0 0 0 0 0 0 0 0 0 0 0 1 2 4 9 10 23 35 47 88 110 128 155 141 219 201 229 251 272 306 349 378 384 487 544 553 608 622 692 765 724
751 821 848 898 826 874 935 986 1004 1031 1009 1022 982 991 987 1034 973 963 864 742 661 594 464 326 240 168 123 87 71 41 24 16 3 0 0 0 0 0 0 0 0 0 0 0 0 0 0 0 0 0 0 0 0 0 0 0 0 0 0 0 0 0 0 0 0 0 0 0 0 0 2 5 8 8 16 32 21 54 68 96 111 150 165 168 235 222 247 262 290 315 349 373 441 503 510 529 587 631 652 743
765 818 823 829 841 885 924 947 989 964 977 986 1024 1079 1036 1037 1003 973 906 814 755 664 502 379 270 199 130 112 58 32 29 8 6 2 0 0 0 0 0 0 0 0 0 0 0 0 0 0 0 0 0 0 0 0 0 0 0 0 0 0 0 0 0 0 0 0 0 0 0 0 1 5 6 8 19 25 35 34 67 78 90 121 129 173 196 196 209 232 260 294 301 344 400 457 475 556 514 584 627 654
707 747 772 756 824 884 868 885 912 974 960 1025 1080 1134 1143 1093 1044 1036 908 844 825 713 585 421 326 208 157 108 79 43 29 12 3 1 1 0 1 0 0 0 0 0 0 0 0 0 0 0 0 0 0 0 0 0 0 0 0 0 0 0 0 0 0 0 0 0 0 0 0 0 0 0 4 10 8 16 31 49 55 82 98 103 121 162 171 164 197 216 236 253 328 314 380 431 455 450 485 544 584 687
702 714 693 782 821 861 857 864 891 1056 985 1002 1122 1065 1073 1119 1107 1087 1046 1030 955 828 628 482 348 250 179 104 70 59 22 14 5 1 3 3 0 0 0 0 0 0 0 0 0 0 0 0 0 0 0 0 0 0 0 0 0 0 0 0 0 0 0 0 0 0 0 0 0 0 0 0 0 8 17 25 41 51 55 58 98 84 114 124 136 191 175 215 244 237 263 284 343 403 401 446 449 546 587 631
693 680 696 774 763 832 852 878 954 977 1013 1062 1095 1095 1104 1222 1265 1206 1159 1060 947 849 659 543 370 254 196 127 75 60 31 18 11 2 2 3 0 0 0 0 0 0 0 0 0 0 0 0 0 0 0 0 0 0 0 0 0 0 0 0 0 0 0 0 0 0 0 0 0 0 0 1 0 3 8 11 23 36 56 76 66 86 81 118 140 161 171 187 163 210 267 291 367 354 362 391 453 538 555 621
632 686 689 726 781 851 918 897 923 997 969 1003 1139 1191 1205 1206 1272 1231 1133 1187 1013 896 755 508 402 329 194 106 72 56 41 35 15 3 3 1 0 0 1 1 0 0 0 0 0 0 0 0 0 0 0 0 0 0 0 0 0 0 0 0 0 0 0 0 0 0 0 0 0 0 0 0 0 6 6 11 22 27 34 56 55 53 82 78 136 116 137 161 191 232 281 281 316 298 323 394 483 477 484 579
628 654 658 714 790 799 879 899 939 941 991 1022 1164 1215 1242 1184 1193 1344 1248 1200 1145 915 785 544 409 311 223 152 91 68 42 26 21 11 3 4 0 1 1 0 0 0 0 0 0 0 0 0 0 0 0 0 0 0 0 0 0 0 0 0 0 0 0 0 0 0 0 0 0 0 0 0 2 6 6 9 17 20 21 34 47 67 73 82 81 123 132 145 165 198 219 280 274 285 291 332 424 461 531 550
575 664 673 730 777 781 811 968 854 936 959 1018 1071 1210 1234 1142 1261 1200 1353 1255 1104 922 766 625 458 348 237 183 97 80 43 37 18 13 4 1 3 2 2 0 0 0 0 0 0 0 0 0 0 0 0 0 0 0 0 0 0 0 0 0 0 0 0 0 0 0 0 0 0 0 0 0 2 5 5 7 8 14 19 22 19 37 47 83 96 89 115 121 121 199 186 205 229 259 304 357 401 482 510 550
526 573 607 695 730 723 778 810 902 937 933 1085 1072 1151 1123 1169 1194 1256 1257 1242 1066 990 762 636 484 341 262 194 139 63 66 48 23 19 7 2 4 4 3 0 0 0 0 0 0 0 0 0 0 0 0 0 0 0 0 0 0 0 0 0 0 0 0 0 0 0 0 0 0 0 0 1 2 3 2 2 8 11 15 24 13 26 49 56 78 77 106 110 136 160 154 191 204 251 285 326 378 456 491 474
493 472 546 643 656 704 707 771 792 891 952 1001 1093 1052 1135 1182 1199 1146 1171 1103 1088 917 764 637 508 391 279 224 156 92 75 37 40 17 8 5 2 1 7 3 2 0 0 0 0 0 0 0 0 0 0 0 0 0 0 0 0 0 0 0 0 0 0 0 0 0 0 0 0 0 0 0 0 2 0 2 5 9 6 9 26 36 42 55 70 67 94 91 147 121 157 159 200 234 233 304 363 412 403 443
391 482 483 544 554 615 672 725 753 802 891 978 932 1041 1102 1176 1139 1101 1139 1115 1033 906 744 650 521 423 337 235 169 99 47 48 26 27 8 2 1 2 10 6 0 1 0 0 0 0 0 0 0 0 0 0 0 0 0 0 0 0 0 0 0 0 0 0 0 0 0 0 0 0 0 0 0 0 0 1 4 4 10 17 28 26 30 39 54 71 69 85 90 108 147 142 169 161 209 249 317 324 353 398
322 395 475 451 481 528 564 649 679 733 779 860 910 965 1026 1032 1070 1023 995 954 933 814 746 626 501 469 350 263 160 97 57 43 44 30 9 0 1 4 2 8 4 1 0 0 0 0 0 0 0 0 0 0 0 0 0 0 0 0 0 0 0 0 0 0 0 0 0 0 0 0 0 0 0 0 0 0 2 4 6 11 15 20 25 32 43 50 72 57 78 88 95 124 133 141 162 229 235 281 292 329
282 301 346 373 434 432 519 508 586 593 714 762 792 832 862 878 884 909 894 956 884 773 677 595 508 461 361 266 159 74 54 54 44 28 15 2 4 1 3 3 4 0 0 0 0 0 0 0 0 0 0 0 0 0 0 0 0 0 0 0 0 0 0 0 0 0 0 0 0 0 0 0 0 0 0 0 0 0 8 7 14 16 27 22 40 50 47 39 53 71 68 92 110 107 158 161 190 218 230 251
191 205 270 282 328 375 426 451 500 536 581 601 659 699 687 788 772 805 784 741 766 669 647 526 448 439 351 238 152 90 65 49 56 34 13 6 1 4 4 3 2 0 0 0 0 0 0 0 0 0 0 0 0 0 0 0 0 0 0 0 0 0 0 0 0 0 0 0 0 0 0 0 0 0 0 0 0 0 3 6 11 8 8 14 21 24 36 33 29 39 51 59 78 88 95 130 129 169 216 203
164 167 208 197 246 284 298 380 369 423 433 477 487 542 527 598 610 653 621 628 618 567 529 467 445 404 319 236 175 117 68 68 52 45 17 10 5 5 1 4 0 0 0 0 0 0 0 0 0 0 0 0 0 0 0 0 0 0 0 0 0 0 0 0 0 0 0 0 0 0 0 0 0 0 0 0 0 0 1 4 4 2 4 12 19 27 28 32 21 23 30 45 39 62 78 92 98 131 140 137
119 137 133 176 184 232 234 256 252 268 302 377 391 382 426 447 480 506 533 527 488 474 469 443 417 368 291 249 172 134 100 87 68 37 31 17 5 3 0 4 2 0 0 0 0 0 0 0 0 0 0 0 0 0 0 0 0 0 0 0 0 0 0 0 0 0 0 0 0 0 0 0 0 0 0 0 0 0 3 2 1 1 1 8 10 14 26 15 13 10 15 26 37 30 70 74 92 84 83 125
83 90 133 124 137 127 175 166 177 211 229 273 306 284 327 380 415 433 431 421 435 411 388 358 331 290 334 275 187 143 119 105 95 56 44 25 11 4 3 4 6 4 0 0 0 0 0 0 0 0 0 0 0 0 0 0 0 0 0 0 0 0 0 0 0 0 0 0 0 0 0 0 0 0 0 0 0 0 0 0 4 1 0 2 5 9 5 10 6 5 9 6 18 29 27 48 64 62 67 67
52 60 63 88 109 97 123 130 101 140 140 159 187 213 243 289 315 355 381 372 328 381 351 294 329 280 286 245 196 191 133 133 121 92 56 23 10 13 2 12 5 1 0 0 0 0 0 0 0 0 0 0 0 0 0 0 0 0 0 0 0 0 0 0 0 0 0 0 0 0 0 0 0 0 0 0 0 0 0 0 0 0 0 1 2 5 2 6 5 0 4 5 8 18 16 31 46 42 41 48
33 33 46 53 67 56 68 87 111 85 91 103 116 169 179 214 274 270 308 300 278 258 282 282 285 264 261 266 257 213 235 199 129 99 77 51 30 15 8 9 5 1 0 0 0 0 0 0 0 0 0 0 0 0 0 0 0 0 0 0 0 0 0 0 0 0 0 0 0 0 0 0 0 0 0 0 0 0 0 0 0 0 0 2 1 2 1 2 0 1 2 5 7 15 16 17 23 33 32 43
21 25 21 23 29 50 46 43 61 73 62 68 75 102 134 150 198 194 194 203 208 207 217 218 253 252 264 273 265 245 244 232 207 128 93 60 59 35 24 8 2 6 2 0 0 0 0 0 0 0 0 0 0 0 0 0 0 0 0 0 0 0 0 0 0 0 0 0 0 0 0 0 0 0 0 0 0 0 0 0 0 0 0 0 0 0 1 0 2 1 0 2 6 13 9 14 12 15 24 26
9 12 17 17 19 30 33 34 44 28 38 48 43 48 56 80 94 93 134 147 164 177 192 208 222 233 255 296 268 309 330 303 294 247 159 117 61 59 41 24 9 5 0 0 0 0 0 0 0 0 0 0 0 0 0 0 0 0 0 0 0 0 0 0 0 0 0 0 0 0 0 0 0 0 0 0 0 0 0 0 0 0 1 0 0 0 0 1 0 0 2 5 10 1 3 7 10 9 7 8
3 9 11 22 23 26 23 26 24 26 23 17 21 30 25 42 51 68 81 114 107 146 170 138 175 204 218 295 294 370 376 420 394 396 281 232 138 88 81 49 25 5 0 1 0 0 0 0 0 0 0 0 0 0 0 0 0 0 0 0 0 0 0 0 0 0 0 0 0 0 0 0 0 0 0 0 0 0 0 0 0 0 0 0 0 0 0 1 1 5 4 8 6 4 6 1 1 3 3 5
5 6 13 13 16 19 28 19 24 9 12 14 16 17 17 28 32 46 57 78 99 113 134 122 132 148 196 241 342 409 515 575 539 554 452 355 200 164 121 98 39 18 8 0 0 0 0 0 0 0 0 0 0 0 0 0 0 0 0 0 0 0 0 0 0 0 0 0 0 0 0 0 0 0 0 0 0 0 0 0 0 0 0 0 0 0 0 0 1 2 3 3 7 2 0 3 0 1 2 3
4 5 8 11 8 14 11 10 13 9 13 7 9 10 17 23 25 34 40 55 88 78 94 97 109 139 145 218 318 379 524 649 709 650 571 461 374 237 178 117 61 45 16 6 1 0 0 0 0 0 0 0 0 0 0 0 0 0 0 0 0 0 0 0 0 0 0 0 0 0 0 0 0 0 0 0 0 0 0 0 0 0 0 0 0 0 0 0 2 1 0 3 6 3 1 4 1 2 1 1
1 0 3 5 9 8 9 5 3 4 4 9 7 14 10 12 20 23 23 39 60 79 79 74 75 82 127 190 265 374 502 627 717 749 747 603 442 375 253 167 101 50 23 15 0 1 0 0 0 0 0 0 0 0 0 0 0 0 0 0 0 0 0 0 0 0 0 0 0 0 0 0 0 0 0 0 0 0 0 0 0 0 0 0 0 0 0 0 0 0 0 0 1 1 1 1 0 1 0 2
0 0 4 2 4 11 12 5 4 4 5 4 1 5 9 8 14 14 17 18 27 27 48 53 38 36 70 138 187 293 394 541 666 763 749 670 572 506 347 214 137 82 51 16 6 0 0 0 0 0 0 0 0 0 0 0 0 0 0 0 0 0 0 0 0 0 0 0 0 0 0 0 0 0 0 0 0 0 0 0 0 0 0 0 0 0 0 0 0 0 0 0 1 0 0 0 0 0 0 0
0 0 0 2 2 5 4 1 0 2 2 4 1 0 5 4 5 10 17 11 8 17 19 21 21 21 34 97 136 187 260 401 557 756 757 804 723 597 420 316 218 113 58 14 4 0 0 0 0 0 0 0 0 0 0 0 0 0 0 0 0 0 0 0 0 0 0 0 0 0 0 0 0 0 0 0 0 0 0 0 0 0 0 0 0 0 0 0 0 0 0 0 0 0 0 0 0 0 0 0
0 0 0 0 0 1 1 0 0 2 0 0 0 2 0 2 4 2 8 5 8 9 9 3 5 12 20 47 94 131 194 294 416 571 672 799 813 673 554 417 261 129 58 26 7 3 4 0 0 0 0 0 0 0 0 0 0 0 0 0 0 0 0 0 0 0 0 0 0 0 0 0 0 0 0 0 0 0 0 0 0 0 0 0 0 0 0 0 0 0 0 0 0 0 0 0 0 0 0 0
0 0 0 0 0 0 0 0 0 0 0 0 0 0 0 1 3 4 11 11 7 9 4 2 4 7 22 32 66 91 119 189 317 438 574 699 767 749 617 465 337 181 95 44 14 5 2 2 1 0 0 0 0 0 0 0 0 0 0 0 0 0 0 0 0 0 0 0 0 0 0 0 0 0 0 0 0 0 0 0 0 0 0 0 0 0 0 0 0 0 0 0 0 0 0 0 0 0 0 0
0 0 0 0 0 0 0 0 0 0 0 0 0 0 1 1 6 9 7 7 12 3 3 1 2 8 6 22 28 52 81 151 218 283 401 520 608 694 643 490 327 218 116 49 23 19 7 2 0 0 0 0 0 0 0 0 0 0 0 0 0 0 0 0 0 0 0 0 0 0 0 0 0 0 0 0 0 0 0 0 0 0 0 0 0 0 0 0 0 0 0 0 0 0 0 0 0 0 0 0
0 0 0 0 0 0 0 0 0 0 0 0 0 0 1 2 1 6 10 5 5 9 8 4 2 5 6 11 16 22 51 113 142 201 240 336 470 527 500 428 315 245 121 71 25 15 5 2 0 0 0 0 0 0 0 0 0 0 0 0 0 0 0 0 0 0 0 0 0 0 0 0 0 0 0 0 0 0 0 0 0 0 0 0 0 0 0 0 0 0 0 0 0 0 0 0 0 0 0 0
0 0 0 0 0 0 0 0 0 0 0 0 0 0 1 2 1 2 2 3 4 3 3 8 2 3 1 7 9 14 32 61 97 130 181 211 265 317 377 329 305 237 142 71 30 11 4 1 0 0 0 0 0 0 0 0 0 0 0 0 0 0 0 0 0 0 0 0 0 0 0 0 0 0 0 0 0 0 0 0 0 0 0 0 0 0 0 0 0 0 0 0 0 0 0 0 0 0 0 0
0 0 0 0 0 0 0 0 0 0 0 0 0 0 0 1 0 0 1 1 1 0 3 2 2 3 2 6 4 7 14 33 68 95 93 139 176 227 244 238 208 167 109 47 23 15 3 0 0 0 0 0 0 0 0 0 0 0 0 0 0 0 0 0 0 0 0 0 0 0 0 0 0 0 0 0 0 0 0 0 0 0 0 0 0 0 0 0 0 0 0 0 0 0 0 0 0 0 0 0
0 0 0 0 0 0 0 0 0 0 0 0 0 0 0 0 0 0 0 0 0 0 0 1 0 2 2 2 3 5 11 18 25 45 54 74 111 129 138 148 169 119 108 44 22 7 3 0 0 0 0 0 0 0 0 0 0 0 0 0 0 0 0 0 0 0 0 0 0 0 0 0 0 0 0 0 0 0 0 0 0 0 0 0 0 0 0 0 0 0 0 0 0 0 0 0 0 0 0 0
0 0 0 0 0 0 0 0 0 0 0 0 0 0 0 0 0 0 0 0 0 0 0 0 0 0 0 1 1 1 3 4 18 14 21 29 51 69 72 87 68 82 57 38 20 4 1 0 0 0 0 0 0 0 0 0 0 0 0 0 0 0 0 0 0 0 0 0 0 0 0 0 0 0 0 0 0 0 0 0 0 0 0 0 0 0 0 0 0 0 0 0 0 0 0 0 0 0 0 0
0 0 0 0 0 0 0 0 0 0 0 0 0 0 0 0 0 0 0 0 0 0 0 0 0 0 0 0 1 0 0 1 0 3 3 10 15 30 30 41 42 25 43 19 7 6 0 0 0 0 0 0 0 0 0 0 0 0 0 0 0 0 0 0 0 0 0 0 0 0 0 0 0 0 0 0 0 0 0 0 0 0 0 0 0 0 0 0 0 0 0 0 0 0 0 0 0 0 0 0
0 0 0 0 0 0 0 0 0 0 0 0 0 0 0 0 0 0 0 0 0 0 0 0 0 0 0 0 0 0 0 0 0 0 0 4 11 13 16 24 24 12 18 13 4 3 1 0 0 0 0 0 0 0 0 0 0 0 0 0 0 0 0 0 0 0 0 0 0 0 0 0 0 0 0 0 0 0 0 0 0 0 0 0 0 0 0 0 0 0 0 0 0 0 0 0 0 0 0 0
0 0 0 0 0 0 0 0 0 0 0 0 0 0 0 0 0 0 0 0 0 0 0 0 0 0 0 0 0 0 0 0 0 0 1 2 4 3 5 7 12 3 6 4 3 1 1 0 0 0 0 0 0 0 0 0 0 0 0 0 0 0 0 0 0 0 0 0 0 0 0 0 0 0 0 0 0 0 0 0 0 0 0 0 0 0 0 0 0 0 0 0 0 0 0 0 0 0 0 0
0 0 0 0 0 0 0 0 0 0 0 0 0 0 0 0 0 0 0 0 0 0 0 0 0 0 0 0 0 0 0 0 0 0 0 0 1 0 1 2 0 2 1 0 0 0 0 0 0 0 0 0 0 0 0 0 0 0 0 0 0 0 0 0 0 0 0 0 0 0 0 0 0 0 0 0 0 0 0 0 0 0 0 0 0 0 0 0 0 0 0 0 0 0 0 0 0 0 0 0
0 0 0 0 0 0 0 0 0 0 0 0 0 0 0 0 0 0 0 0 0 0 0 0 0 0 0 0 0 0 0 0 0 0 0 0 0 0 0 0 0 1 0 0 0 0 0 0 0 0 0 0 0 0 0 0 0 0 0 0 0 0 0 0 0 0 0 0 0 0 0 0 0 0 0 0 0 0 0 0 0 0 0 0 0 0 0 0 0 0 0 0 0 0 0 0 0 0 0 0
0 0 0 0 0 0 0 0 0 0 0 0 0 0 0 0 0 0 0 0 0 0 0 0 0 0 0 0 0 0 0 0 0 0 0 0 0 0 0 0 0 0 0 0 0 0 0 0 0 0 0 0 0 0 0 0 0 0 0 0 0 0 0 0 0 0 0 0 0 0 0 0 0 0 0 0 0 0 0 0 0 0 0 0 0 0 0 0 0 0 0 0 0 0 0 0 0 0 0 0
0 0 0 0 0 0 0 0 0 0 0 0 0 0 0 0 0 0 0 0 0 0 0 0 0 0 0 0 0 0 0 0 0 0 0 0 0 0 0 0 0 0 0 0 0 0 0 0 0 0 0 0 0 0 0 0 0 0 0 0 0 0 0 0 0 0 0 0 0 0 0 0 0 0 0 0 0 0 0 0 0 0 0 0 0 0 0 0 0 0 0 0 0 0 0 0 0 0 0 0
0 0 0 0 0 0 0 0 0 0 0 0 0 0 0 0 0 0 0 0 0 0 0 0 0 0 0 0 0 0 0 0 0 0 0 0 0 0 0 0 0 0 0 0 0 0 0 0 0 0 0 0 0 0 0 0 0 0 0 0 0 0 0 0 0 0 0 0 0 0 0 0 0 0 0 0 0 0 0 0 0 0 0 0 0 0 0 0 0 0 0 0 0 0 0 0 0 0 0 0
0 0 0 0 0 0 0 0 0 0 0 0 0 0 0 0 0 0 0 0 0 0 0 0 0 0 0 0 0 0 0 0 0 0 0 0 0 0 0 0 0 0 0 0 0 0 0 0 0 0 0 0 0 0 0 0 0 0 0 0 0 0 0 0 0 0 0 0 0 0 0 0 0 0 0 0 0 0 0 0 0 0 0 0 0 0 0 0 0 0 0 0 0 0 0 0 0 0 0 0
0 0 0 0 0 0 0 0 0 0 0 0 0 0 0 0 0 0 0 0 0 0 0 0 0 0 0 0 0 0 0 0 0 0 0 0 0 0 0 0 0 0 0 0 0 0 0 0 0 0 0 0 0 0 0 0 0 0 0 0 0 0 0 0 0 0 0 0 0 0 0 0 0 0 0 0 0 0 0 0 0 0 0 0 0 0 0 0 0 0 0 0 0 0 0 0 0 0 0 0
0 0 0 0 0 0 0 0 0 0 0 0 0 0 0 0 0 0 0 0 0 0 0 0 0 0 0 0 0 0 0 0 0 0 0 0 0 0 0 0 0 0 0 0 0 0 0 0 0 0 0 0 0 0 0 0 0 0 0 0 0 0 0 0 0 0 0 0 0 0 0 0 0 0 0 0 0 0 0 0 0 0 0 0 0 0 0 0 0 0 0 0 0 0 0 0 0 0 0 0
0 0 0 0 0 0 0 0 0 0 0 0 0 0 0 0 0 0 0 0 0 0 0 0 0 0 0 0 0 0 0 0 0 0 0 0 0 0 0 0 0 0 0 0 0 0 0 0 0 0 0 0 0 0 0 0 0 0 0 0 0 0 0 0 0 0 0 0 0 0 0 0 0 0 0 0 0 0 0 0 0 0 0 0 0 0 0 0 0 0 0 0 0 0 0 0 0 0 0 0
0 0 0 0 0 0 0 0 0 0 0 0 0 0 0 0 0 0 0 0 0 0 0 0 0 0 0 0 0 0 0 0 0 0 0 0 0 0 0 0 0 0 0 0 0 0 0 0 0 0 0 0 0 0 0 0 0 0 0 0 0 0 0 0 0 0 0 0 0 0 0 0 0 0 0 0 0 0 0 0 0 0 0 0 0 0 0 0 0 0 0 0 0 0 0 0 0 0 0 0
0 0 0 0 0 0 0 0 0 0 0 0 0 0 0 0 0 0 0 0 0 0 0 0 0 0 0 0 0 0 0 0 0 0 0 0 0 0 0 0 0 0 0 0 0 0 0 0 0 0 0 0 0 0 0 0 0 0 0 1 0 0 1 0 0 0 0 0 0 0 0 0 0 0 0 0 0 0 0 0 0 0 0 0 0 0 0 0 0 0 0 0 0 0 0 0 0 0 0 0
0 0 0 0 0 0 0 0 0 0 0 0 0 0 0 0 0 0 0 0 0 0 0 0 0 0 0 0 0 0 0 0 0 0 0 0 0 0 0 0 0 0 0 0 0 0 0 0 0 0 0 0 0 0 0 0 0 0 2 1 3 4 0 5 5 5 3 3 2 1 0 0 0 0 0 0 0 0 0 0 0 0 0 0 0 0 0 0 0 0 0 0 0 0 0 0 0 0 0 0
0 0 0 0 0 0 0 0 0 0 0 0 0 0 0 0 0 0 0 0 0 0 0 0 0 0 0 0 0 0 0 0 0 0 0 0 0 0 0 0 0 0 0 0 0 0 0 0 0 0 0 0 0 0 0 0 0 0 0 7 25 26 30 30 28 28 24 16 15 5 1 2 1 0 0 0 0 0 0 1 0 0 0 0 0 0 0 0 0 0 0 0 0 0 0 0 0 0 0 0
0 0 0 0 0 0 0 0 0 0 0 0 0 0 0 0 0 0 0 0 0 0 0 0 0 0 0 0 0 0 0 0 0 0 0 0 0 0 0 0 0 0 0 0 0 0 0 0 0 0 0 0 0 0 0 0 0 1 1 12 58 97 118 100 84 96 72 71 38 19 7 3 0 0 0 0 0 0 0 2 0 0 0 0 1 0 0 0 0 0 0 0 0 0 0 0 0 0 0 0
0 0 0 0 0 0 0 0 0 0 0 0 0 0 0 0 0 0 0 0 0 0 0 0 0 0 0 0 0 0 0 0 0 0 0 0 0 0 0 0 0 0 0 0 0 0 0 0 0 0 0 0 0 0 0 0 0 0 5 40 84 168 269 261 220 215 153 114 72 31 18 9 6 3 0 1 0 0 1 2 1 0 0 2 2 3 1 0 0 0 0 0 0 0 0 0 0 0 0 0
0 0 0 0 0 0 0 0 0 0 0 0 0 0 0 0 0 0 0 0 0 0 0 0 0 0 0 0 0 0 0 0 0 0 0 0 0 0 0 0 0 0 0 0 0 0 0 0 0 0 0 0 0 0 0 0 0 1 6 31 113 240 410 480 491 434 314 228 134 82 39 23 6 4 4 5 4 4 6 1 3 0 0 3 5 2 1 0 0 0 0 0 0 0 0 0 0 0 0 0
0 0 0 0 0 0 0 0 0 0 0 0 0 0 0 0 0 0 0 0 0 0 0 0 0 0 0 0 0 0 0 0 0 0 0 0 0 0 0 0 0 0 0 0 0 0 0 0 0 0 0 0 0 0 0 0 0 0 2 33 107 281 443 635 776 703 526 411 291 167 97 53 18 4 4 5 6 11 4 6 3 5 4 3 5 8 4 0 0 0 0 0 0 0 0 0 0 0 0 0
0 1 1 0 0 0 0 0 0 0 0 0 0 0 0 0 0 0 0 0 0 0 0 0 0 0 0 0 0 0 0 0 0 0 0 0 0 0 0 0 0 0 0 0 0 0 0 0 0 0 0 0 0 0 0 0 0 0 8 31 93 223 438 736 934 886 841 651 445 298 208 88 47 24 15 10 14 10 23 11 9 9 5 5 3 5 2 0 0 0 0 0 0 0 0 0 1 0 0 0
0 1 1 0 0 0 0 0 0 0 0 0 0 0 0 0 0 0 0 0 0 0 0 0 0 0 0 0 0 0 0 0 0 0 0 0 0 0 0 0 0 0 0 0 0 0 0 0 0 0 0 0 0 0 0 0 0 0 2 23 92 181 403 663 881 1069 1009 887 632 484 322 157 104 42 30 25 24 21 14 26 11 8 8 8 3 4 3 1 0 0 0 0 0 0 0 1 3 1 2 0
2 1 0 1 0 0 0 0 0 0 0 0 0 0 0 0 0 0 0 0 0 0 0 0 0 0 0 0 0 0 0 0 0 0 0 0 0 0 0 0 0 0 0 0 0 0 0 0 0 0 0 0 0 0 0 0 0 0 2 15 48 137 272 509 771 987 1004 872 780 597 384 232 136 94 74 55 45 45 32 24 24 14 8 13 15 8 1 0 4 1 3 1 0 0 2 2 6 1 8 2
4 2 1 0 0 0 0 0 0 0 0 0 0 0 0 0 0 0 0 0 0 0 0 0 0 0 0 0 0 0 0 0 0 0 0 0 0 0 0 0 0 0 0 0 0 0 0 0 0 0 0 0 0 0 0 0 0 0 0 5 36 65 183 356 593 806 937 864 762 607 466 264 203 128 122 73 70 77 50 46 29 24 34 31 15 22 14 10 8 9 8 8 4 6 6 6 9 7 7 5
7 0 1 0 0 0 0 0 0 0 0 0 0 0 0 0 0 0 0 0 0 0 0 0 0 0 0 0 0 0 0 0 0 0 0 0 0 0 0 0 0 0 0 0 0 0 0 0 0 0 0 0 0 0 0 0 0 0 0 4 13 51 124 251 377 557 680 761 633 537 430 301 225 190 151 110 84 73 52 47 47 46 63 58 45 18 23 27 21 21 18 16 13 8 11 6 15 14 13 8
5 7 2 2 2 0 0 0 0 0 0 0 0 0 0 0 0 0 0 0 0 0 0 0 0 0 0 0 0 0 0 0 0 0 0 0 0 0 0 0 0 0 0 0 0 0 0 0 0 0 0 0 0 0 0 0 0 0 1 6 13 38 84 139 249 358 445 541 512 449 370 302 233 182 159 145 124 83 81 54 56 86 97 82 78 41 51 47 36 30 48 24 21 19 14 7 5 8 10 4
6 4 11 1 5 0 1 2 0 1 1 1 0 0 0 0 0 0 0 0 0 0 0 0 0 0 0 0 0 0 0 0 0 0 0 0 0 0 0 0 0 0 0 0 0 0 0 0 0 0 0 0 0 0 0 0 0 0 1 3 12 20 61 80 146 207 278 379 405 338 344 315 245 242 185 146 141 98 75 95 88 92 99 101 92 93 58 60 53 77 51 52 34 24 21 20 9 7 10 9
8 13 9 8 9 6 7 5 5 3 1 2 2 0 0 0 0 0 0 0 0 0 0 0 0 0 0 0 0 0 0 0 0 0 0 0 0 0 0 0 0 0 0 0 0 0 0 0 0 0 0 0 0 0 0 0 0 0 0 4 4 9 21 46 59 102 162 211 251 294 289 329 278 239 224 134 150 135 151 149 146 135 148 150 130 108 98 79 82 94 69 49 44 26 37 18 19 21 8 7
21 19 17 17 12 25 12 8 11 8 6 2 1 2 1 1 2 0 1 0 0 0 0 0 0 0 0 0 0 0 0 0 0 0 0 0 0 0 0 0 0 0 0 0 0 0 0 0 0 0 0 0 0 0 0 0 0 0 0 0 2 8 16 22 31 50 73 124 194 213 236 281 278 257 216 220 218 200 213 186 204 203 193 194 167 147 121 122 141 118 106 76 64 65 39 46 49 22 35 26
40 38 30 35 23 29 32 21 14 12 14 6 3 5 5 3 2 4 2 1 2 1 0 0 0 0 0 0 0 0 0 0 0 0 0 0 0 0 0 0 0 0 0 0 0 0 0 0 0 0 0 0 0 0 0 0 0 0 0 0 1 1 7 13 20 33 40 83 123 147 195 252 259 234 254 257 266 269 280 265 274 302 305 249 201 204 225 210 183 152 136 122 102 86 80 88 68 50 54 55
82 74 60 69 56 37 31 25 17 22 10 14 9 5 2 4 3 7 1 1 2 0 0 0 0 0 0 0 0 0 0 0 0 0 0 0 0 0 0 0 0 0 0 0 0 0 0 0 0 0 0 0 0 0 0 0 0 0 0 0 1 3 5 7 16 23 44 48 56 118 160 194 246 265 281 311 340 396 377 384 369 385 377 343 393 319 289 280 241 191 226 184 186 147 162 123 117 88 103 78
113 117 104 83 70 56 40 38 21 27 18 27 24 5 4 2 4 4 7 6 5 1 0 0 0 0 0 1 0 0 0 0 0 0 0 0 0 0 0 0 0 0 0 0 0 0 0 0 0 0 0 0 0 0 0 0 0 0 0 0 0 2 2 6 9 20 22 26 37 65 108 163 201 220 312 341 398 444 486 475 510 522 504 479 447 456 499 412 347 328 284 305 239 224 232 197 176 148 160 131
162 163 148 125 91 93 64 53 33 22 20 25 19 17 13 12 6 6 5 6 4 2 5 0 1 1 0 2 0 0 1 0 0 0 0 0 0 0 0 0 0 0 0 0 0 0 0 0 0 0 0 0 0 0 0 0 0 0 0 0 0 1 0 2 11 19 13 19 38 56 81 128 175 253 318 387 483 547 624 600 659 587 619 643 599 623 583 560 499 456 397 365 327 349 313 260 260 222 181 202
192 191 170 134 105 115 73 80 50 41 37 22 36 33 26 23 7 21 6 5 10 3 2 4 6 5 1 2 0 1 1 1 0 0 0 0 0 0 0 0 0 0 0 0 0 0 0 0 0 0 0 0 0 0 0 0 0 0 0 0 0 0 0 3 10 11 10 16 30 51 79 112 161 205 325 423 530 575 625 711 778 775 775 737 726 702 692 694 636 579 532 518 448 417 407 359 331 280 263 231
283 226 178 186 149 132 99 85 61 68 51 39 40 38 40 21 23 17 16 14 10 7 5 3 4 4 0 3 4 2 2 0 1 0 0 0 0 0 0 0 0 0 0 0 0 0 0 0 0 0 0 0 0 0 0 0 0 0 0 0 0 0 0 4 3 5 8 15 28 39 66 85 134 217 347 430 579 668 731 758 872 889 880 845 806 832 787 791 706 683 614 593 547 502 410 431 423 387 291 266
328 283 210 187 159 169 124 97 100 85 76 55 58 56 54 54 21 43 19 15 10 8 12 3 5 5 1 4 1 2 3 2 1 0 0 0 0 0 0 0 0 0 0 0 0 0 0 0 0 0 0 0 0 0 0 0 0 0 0 0 0 0 0 2 3 6 5 12 24 41 78 126 164 227 323 455 579 695 813 877 884 934 940 903 887 817 879 838 894 747 691 713 648 586 551 453 466 436 378 359
379 348 281 252 204 176 155 135 108 113 104 70 54 73 61 64 49 39 36 22 16 10 9 9 5 3 1 1 0 1 2 0 0 0 0 0 0 0 0 0 0 0 0 0 0 0 0 0 0 0 0 0 0 0 0 0 0 0 0 0 0 0 1 1 0 3 6 11 24 34 76 108 147 220 324 481 586 787 908 1004 1033 994 992 959 969 934 961 952 868 857 811 772 719 676 583 560 505 441 432 424
394 369 329 308 228 203 159 166 131 102 124 91 91 70 86 73 67 49 45 27 15 17 13 6 7 1 1 1 0 0 0 0 0 0 0 0 0 0 0 0 0 0 0 0 0 0 0 0 0 0 0 0 0 0 0 0 0 0 0 0 0 0 0 0 0 1 8 14 23 20 65 107 187 239 359 481 647 807 943 1030 1048 1072 1044 1037 1034 1001 940 1029 984 907 844 831 756 712 642 552 539 468 429 437
442 418 369 336 278 225 234 184 167 138 149 101 124 114 100 96 80 72 44 36 23 22 16 7 4 2 0 0 0 0 0 0 0 0 0 0 0 0 0 0 0 0 0 0 0 0 0 0 0 0 0 0 0 0 0 0 0 0 0 0 0 0 0 0 0 0 5 14 16 30 39 77 165 250 355 511 660 809 872 990 1102 1126 1059 1094 1122 1041 1006 999 1033 964 859 839 791 749 726 650 555 504 493 476
475 460 385 338 316 253 228 209 203 180 153 144 146 133 107 111 91 77 59 38 38 25 20 9 8 2 1 0 0 0 0 0 0 0 0 0 0 0 0 0 0 0 0 0 0 0 0 0 0 0 0 0 0 0 0 0 0 0 0 0 0 0 0 0 0 1 0 6 11 22 52 84 157 242 382 512 654 768 887 994 1057 1078 1124 1128 1107 1044 1036 1000 963 932 897 917 789 739 695 690 575 615 541 508
524 476 435 396 357 340 293 269 230 209 176 161 145 132 129 128 109 77 59 53 33 32 17 8 7 5 0 0 0 0 0 0 0 0 0 0 0 0 0 0 0 0 0 0 0 0 0 0 0 0 0 0 0 0 0 0 0 0 0 0 0 0 0 0 0 0 0 7 9 18 45 64 171 231 378 518 686 762 861 956 1028 1081 1121 1118 1183 1087 1018 973 946 892 969 871 833 815 760 663 631 639 609 507
508 502 460 403 386 359 312 261 268 224 190 175 154 126 144 126 117 107 102 89 57 27 26 18 12 3 2 0 0 0 0 0 0 0 0 0 0 0 0 0 0 0 0 0 0 0 0 0 0 0 0 0 0 0 0 0 0 0 0 0 0 0 0 0 0 0 0 2 6 16 28 90 158 237 322 474 673 743 788 889 984 974 1163 1091 1108 1016 978 966 948 926 959 872 819 805 654 681 624 663 588 561
543 509 471 465 409 401 366 335 295 227 217 191 164 169 153 114 123 119 112 82 63 46 33 26 16 8 1 0 0 0 0 0 0 0 0 0 0 0 0 0 0 0 0 0 0 0 0 0 0 0 0 0 0 0 0 0 0 0 0 0 0 0 0 0 0 0 0 3 4 11 33 76 144 208 351 448 585 660 749 804 885 970 1011 1081 1100 1018 1009 983 942 977 943 853 875 810 733 714 694 668 607 597
584 538 523 490 424 458 434 396 337 319 282 221 183 182 185 148 148 115 108 98 81 44 41 26 24 8 5 1 0 0 0 0 0 0 0 0 0 0 0 0 0 0 0 0 0 0 0 0 0 0 0 0 0 0 0 0 0 0 0 0 0 0 0 0 0 0 1 2 3 20 35 89 144 214 276 420 555 592 659 775 842 923 982 967 1072 1008 999 1036 989 965 880 864 859 789 739 735 674 639 664 585
590 586 555 528 487 497 444 460 413 346 310 240 244 233 175 167 145 127 136 102 88 60 44 33 23 12 3 0 1 0 0 0 0 0 0 0 0 0 0 0 0 0 0 0 0 0 0 0 0 0 0 0 0 0 0 0 0 0 0 0 0 0 0 0 0 0 0 3 10 17 37 76 119 210 279 351 471 643 716 717 777 905 959 932 957 1010 1009 952 936 923 883 926 842 790 792 725 696 686 678 619
634 584 552 547 518 529 519 492 455 384 289 298 290 211 241 218 181 175 126 114 81 71 44 34 25 14 3 2 0 0 0 0 0 0 0 0 0 0 0 0 0 0 0 0 0 0 0 0 0 0 0 0 0 0 0 0 0 0 0 0 0 0 0 0 0 0 0 3 6 16 37 69 107 175 256 341 464 514 629 661 786 851 902 897 935 946 974 951 1001 928 882 838 806 836 817 777 725 670 695 671
649 595 552 575 607 585 503 500 511 391 395 344 286 260 232 208 187 167 144 125 100 73 57 38 31 9 12 0 0 0 0 0 0 0 0 0 0 0 0 0 0 0 0 0 0 0 0 0 0 0 0 0 0 0 0 0 0 0 0 0 0 0 0 0 0 0 0 1 3 18 37 60 109 167 221 314 419 516 582 635 739 812 847 890 901 961 954 925 957 890 860 856 854 830 818 783 767 752 719 696
720 638 619 656 590 612 560 542 516 460 374 342 300 282 268 231 214 183 164 150 108 96 79 51 44 25 16 0 0 0 0 0 0 0 0 0 0 0 0 0 0 0 0 0 0 0 0 0 0 0 0 0 0 0 0 0 0 0 0 0 0 0 0 0 0 0 0 2 7 24 30 51 90 171 201 298 363 458 526 578 723 754 813 956 891 927 907 891 885 871 872 852 757 861 820 807 808 736 734 722
742 718 677 700 630 579 583 522 536 500 424 367 295 259 251 248 221 222 184 168 129 99 62 51 44 28 12 5 0 0 0 0 0 0 0 0 0 0 0 0 0 0 0 0 0 0 0 0 0 0 0 0 0 0 0 0 0 0 0 0 0 0 0 0 0 0 0 0 4 16 29 61 88 141 221 256 306 400 476 540 701 722 793 825 897 827 885 832 861 851 855 854 796 823 801 825 772 744 739 713
767 747 703 705 612 615 626 532 528 450 457 348 297 283 314 281 259 230 230 168 162 119 85 52 38 32 14 5 2 0 0 0 0 0 0 0 0 0 0 0 0 0 0 0 0 0 0 0 0 0 0 0 0 0 0 0 0 0 0 0 0 0 0 0 0 0 0 0 1 8 22 39 64 121 192 243 320 399 432 515 611 695 812 786 841 844 748 808 814 827 846 861 846 813 766 765 778 816 728 714
740 707 762 697 641 693 627 583 594 515 480 470 386 318 321 312 323 268 250 193 167 128 102 56 45 22 25 6 0 0 0 0 0 0 0 0 0 0 0 0 0 0 0 0 0 0 0 0 0 0 0 0 0 0 0 0 0 0 0 0 0 0 0 0 0 0 0 0 1 7 24 38 62 83 134 193 266 337 427 537 577 609 683 721 726 718 730 762 776 793 820 820 866 769 756 772 793 819 709 758
802 756 754 743 791 669 703 610 544 544 523 471 407 379 354 373 338 354 247 202 178 158 97 74 38 31 20 11 9 1 0 0 0 0 0 0 0 0 0 0 0 0 0 0 0 0 0 0 0 0 0 0 0 0 0 0 0 0 0 0 0 0 0 0 0 0 0 0 1 1 8 17 44 74 108 199 237 318 444 485 507 573 641 701 701 700 713 755 716 816 838 812 763 776 771 814 837 770 789 736
864 798 785 793 802 717 756 726 626 604 562 522 530 460 397 375 391 333 276 249 197 167 125 87 62 48 35 15 10 2 0 0 0 0 0 0 0 0 0 0 0 0 0 0 0 0 0 0 0 0 0 0 0 0 0 0 0 0 0 0 0 0 0 0 0 0 0 0 1 2 7 8 24 60 131 163 210 288 349 421 472 561 569 591 652 667 719 691 743 739 808 832 731 721 770 774 782 799 735 794
878 861 813 864 821 768 769 706 631 650 581 563 506 500 464 423 425 370 325 282 228 180 143 114 80 58 33 21 10 3 0 1 0 0 0 0 0 0 0 0 0 0 0 0 0 0 0 0 0 0 0 0 0 0 0 0 0 0 0 0 0 0 0 0 0 0 0 0 0 1 3 7 17 45 76 146 214 265 299 394 506 517 590 672 642 648 628 683 728 728 692 736 780 822 785 799 761 734 806 832
843 921 888 855 868 833 789 723 731 685 619 538 561 567 487 477 421 391 342 312 277 202 167 122 98 54 43 19 7 5 0 3 2 1 0 0 0 0 0 0 0 0 0 0 0 0 0 0 0 0 0 0 0 0 0 0 0 0 0 0 0 0 0 0 0 0 0 0 0 1 0 6 15 42 55 111 190 234 307 363 450 485 570 539 618 630 676 669 716 754 758 768 761 773 816 755 753 779 753 790
878 937 987 930 870 839 815 749 722 645 655 602 574 605 587 547 469 448 392 332 264 260 218 145 107 51 50 28 14 3 2 4 3 0 0 0 0 0 0 0 0 0 0 0 0 0 0 0 0 0 0 0 0 0 0 0 0 0 0 0 0 0 0 0 0 0 0 0 0 1 2 5 10 22 54 102 147 218 292 315 417 477 469 521 536 558 596 610 632 745 692 796 799 748 756 776 765 749 840 754
