#lt    50
#count pbc
#dt    1.0
#dn    50
#edges -4.4394307136535645 -4.350642099380493 -4.261853485107421 -4.17306487083435 -4.084276256561278 -3.9954876422882064 -3.906699028015135 -3.817910413742063 -3.7291217994689916 -3.64033318519592 -3.5515445709228484 -3.4627559566497768 -3.373967342376705 -3.2851787281036335 -3.196390113830562 -3.1076014995574903 -3.0188128852844187 -2.930024271011347 -2.8412356567382755 -2.752447042465204 -2.6636584281921323 -2.5748698139190607 -2.486081199645989 -2.3972925853729175 -2.308503971099846 -2.2197153568267742 -2.1309267425537026 -2.042138128280631 -1.9533495140075594 -1.8645608997344878 -1.7757722854614162 -1.6869836711883446 -1.598195056915273 -1.5094064426422014 -1.4206178283691298 -1.3318292140960581 -1.2430405998229865 -1.154251985549915 -1.0654633712768433 -0.9766747570037717 -0.8878861427307001 -0.7990975284576285 -0.7103089141845569 -0.6215202999114853 -0.5327316856384137 -0.44394307136534206 -0.35515445709227045 -0.26636584281919884 -0.17757722854612723 -0.08878861427305562 1.5987211554602254e-14 0.0887886142730876 0.1775772285461592 0.2663658428192308 0.3551544570923024 0.44394307136537403 0.5327316856384456 0.6215202999115172 0.7103089141845889 0.7990975284576605 0.8878861427307321 0.9766747570038037 1.0654633712768753 1.154251985549947 1.2430405998230185 1.3318292140960901 1.4206178283691617 1.5094064426422333 1.598195056915305 1.6869836711883766 1.7757722854614482 1.8645608997345198 1.9533495140075914 2.042138128280663 2.1309267425537346 2.219715356826806 2.308503971099878 2.3972925853729494 2.486081199646021 2.5748698139190926 2.6636584281921643 2.752447042465236 2.8412356567383075 2.930024271011379 3.0188128852844507 3.1076014995575223 3.196390113830594 3.2851787281036655 3.373967342376737 3.4627559566498087 3.5515445709228803 3.640333185195953 3.7291217994690236 3.8179104137420943 3.9066990280151668 3.9954876422882393 4.08427625656131 4.173064870834381 4.261853485107453 4.350642099380526 4.439430713653596
845 902 827 774 803 820 799 761 730 735 642 653 614 611 586 573 561 501 459 414 414 356 258 187 117 102 71 46 28 16 11 8 2 0 0 0 0 0 0 0 0 0 0 0 0 0 0 0 0 0 0 0 0 0 0 0 0 0 0 0 0 0 0 0 0 0 0 0 0 1 1 4 22 41 73 149 173 259 317 375 425 509 577 602 567 524 559 589 581 582 645 666 674 698 754 750 758 785 855 758
860 882 870 887 864 844 748 778 810 739 737 696 657 606 620 646 597 511 497 438 415 384 302 215 151 97 90 36 32 26 12 6 5 0 1 0 0 0 0 0 0 0 0 0 0 0 0 0 0 0 0 0 0 0 0 0 0 0 0 0 0 0 0 0 0 0 0 0 0 1 2 6 14 25 63 113 170 234 260 298 401 445 494 484 484 508 546 555 570 629 616 605 642 669 719 741 732 845 829 783
890 947 869 878 840 863 741 814 743 735 725 693 679 666 690 657 610 610 537 511 440 399 320 200 167 116 67 64 30 22 11 9 3 1 2 0 0 0 0 0 0 0 0 0 0 0 0 0 0 0 0 0 0 0 0 0 0 0 0 0 0 0 0 0 0 0 0 0 0 0 1 7 15 26 59 83 149 183 231 311 319 357 403 451 486 509 515 540 572 556 624 657 701 643 648 751 781 778 780 818
860 857 902 895 853 875 868 824 792 742 806 798 705 738 714 709 631 564 559 615 458 451 332 250 174 147 105 77 38 15 11 5 2 1 2 0 0 0 0 0 0 0 0 0 0 0 0 0 0 0 0 0 0 0 0 0 0 0 0 0 0 0 0 0 0 0 0 0 0 0 0 1 16 25 42 87 107 196 256 280 314 362 386 387 491 456 463 513 556 537 612 563 596 620 671 709 733 767 798 833
868 902 893 887 848 866 823 882 818 848 883 788 727 771 736 741 706 657 595 560 518 442 340 263 193 135 117 76 48 23 10 6 3 2 0 0 0 0 0 0 0 0 0 0 0 0 0 0 0 0 0 0 0 0 0 0 0 0 0 0 0 0 0 0 0 0 0 0 0 0 1 2 5 21 36 56 101 165 222 238 275 344 360 384 390 417 412 477 521 498 545 592 575 610 679 685 765 764 774 753
829 808 819 867 864 899 880 838 901 881 886 853 848 808 803 780 742 672 653 586 544 484 379 280 202 147 113 82 46 32 12 6 5 0 0 0 0 0 0 0 0 0 0 0 0 0 0 0 0 0 0 0 0 0 0 0 0 0 0 0 0 0 0 0 0 0 0 0 0 0 0 2 1 13 39 54 91 124 169 232 292 335 343 328 354 390 382 409 429 433 546 538 578 590 640 708 764 752 732 756
760 839 866 871 856 836 898 932 918 993 854 859 902 848 914 834 787 722 655 646 556 453 357 274 229 160 123 66 62 34 18 15 8 3 0 1 0 0 0 0 0 0 0 0 0 0 0 0 0 0 0 0 0 0 0 0 0 0 0 0 0 0 0 0 0 0 0 0 0 0 0 0 2 12 31 56 72 119 159 177 218 295 283 303 317 354 344 369 413 420 466 462 537 573 608 639 666 721 780 788
796 812 730 868 889 884 861 935 893 946 952 909 942 861 905 865 853 771 736 640 538 494 397 318 200 177 108 76 67 47 40 17 1 2 3 2 0 0 0 0 0 0 0 0 0 0 0 0 0 0 0 0 0 0 0 0 0 0 0 0 0 0 0 0 0 0 0 0 0 0 0 1 3 10 26 58 89 121 111 172 184 239 241 290 281 291 318 360 379 391 427 454 454 537 557 578 611 736 765 803
784 777 794 836 887 908 863 954 978 964 953 904 891 958 901 897 946 845 703 677 652 523 438 326 238 172 95 87 62 44 24 14 10 4 2 0 1 0 0 0 0 0 0 0 0 0 0 0 0 0 0 0 0 0 0 0 0 0 0 0 0 0 0 0 0 0 0 0 0 0 0 0 0 5 17 38 72 74 116 132 183 185 241 255 239 276 289 288 328 384 409 421 459 505 472 551 609 631 761 733
770 717 821 796 841 794 891 879 966 930 928 929 935 994 1019 955 885 862 866 754 700 572 459 383 239 173 115 90 67 55 37 15 9 4 2 2 0 0 0 0 0 0 0 0 0 0 0 0 0 0 0 0 0 0 0 0 0 0 0 0 0 0 0 0 0 0 0 0 0 0 0 0 4 7 23 29 57 83 114 124 170 182 203 221 245 286 292 277 298 382 424 401 421 474 491 562 588 595 657 716
737 743 720 773 791 838 837 877 888 977 936 940 1004 976 973 983 949 919 911 811 708 637 463 383 274 185 104 79 78 54 24 23 16 2 3 0 0 0 0 0 0 0 0 0 0 0 0 0 0 0 0 0 0 0 0 0 0 0 0 0 0 0 0 0 0 0 0 0 0 0 0 0 0 6 9 33 49 76 87 113 148 160 174 201 219 269 258 274 320 348 376 396 437 474 458 531 547 615 625 663
696 665 712 761 799 796 875 860 856 920 959 940 938 1028 981 957 1054 988 968 949 781 637 504 421 293 218 116 117 80 52 33 19 15 3 1 0 0 0 0 0 0 0 0 0 0 0 0 0 0 0 0 0 0 0 0 0 0 0 0 0 0 0 0 0 0 0 0 0 0 0 0 0 0 1 11 33 35 51 75 90 125 167 164 208 218 258 252 291 264 308 360 397 422 399 427 490 575 564 616 608
708 688 738 782 789 834 799 847 806 906 898 961 1039 1026 1016 1014 1031 1082 972 915 824 680 618 465 353 273 192 135 70 60 39 26 11 11 1 0 0 0 0 0 0 0 0 0 0 0 0 0 0 0 0 0 0 0 0 0 0 0 0 0 0 0 0 0 0 0 0 0 0 0 0 0 0 4 11 27 53 65 57 96 113 140 163 170 203 203 216 253 278 305 314 367 366 464 456 464 519 620 585 634
667 747 741 733 785 779 840 810 806 854 926 1056 1028 1032 1056 1067 1082 1096 1072 984 906 750 666 493 396 286 203 120 79 70 35 25 23 13 1 0 0 0 0 0 0 0 0 0 0 0 0 0 0 0 0 0 0 0 0 0 0 0 0 0 0 0 0 0 0 0 0 0 0 0 0 0 1 6 18 20 29 46 69 78 94 118 163 148 178 176 213 249 248 266 297 365 406 403 457 437 527 585 602 591
675 696 762 739 769 802 807 832 870 846 887 975 1025 1070 1111 1131 1181 1173 1116 1008 948 814 649 492 392 304 214 156 95 53 33 29 26 12 6 0 0 0 0 1 3 0 0 0 0 0 0 0 0 0 0 0 0 0 0 0 0 0 0 0 0 0 0 0 0 0 0 0 0 0 0 0 1 4 10 20 26 35 38 92 91 104 117 124 181 183 185 216 242 281 282 337 359 362 368 456 485 535 632 611
642 675 693 730 730 755 915 842 881 958 965 939 1030 1086 1137 1129 1193 1176 1124 1031 995 808 705 520 410 303 205 164 93 66 44 38 24 11 5 0 0 1 4 2 0 0 0 0 0 0 0 0 0 0 0 0 0 0 0 0 0 0 0 0 0 0 0 0 0 0 0 0 0 0 0 0 3 1 6 12 12 21 40 60 83 110 92 128 153 181 201 204 207 246 281 297 338 398 399 443 433 510 543 582
682 679 757 722 802 789 730 860 894 861 884 984 1040 1137 1104 1097 1170 1137 1121 1057 961 858 698 535 414 269 240 156 103 70 54 39 33 12 9 2 1 4 3 3 1 0 0 0 0 0 0 0 0 0 0 0 0 0 0 0 0 0 0 0 0 0 0 0 0 0 0 0 0 0 0 0 0 1 3 10 12 22 41 61 68 70 112 119 134 158 167 191 197 217 243 254 325 331 339 410 451 498 550 592
592 628 677 706 665 783 736 772 881 896 894 977 1008 1005 1097 1154 1129 1105 1123 1064 910 850 653 526 372 319 241 173 146 84 70 45 26 27 6 2 3 6 5 7 2 2 0 0 0 0 0 0 0 0 0 0 0 0 0 0 0 0 0 0 0 0 0 0 0 0 0 0 0 0 0 0 0 2 0 6 15 20 37 46 50 61 92 102 117 127 154 140 174 181 205 259 293 294 356 400 443 524 538 569
542 524 577 581 667 702 764 780 790 850 931 911 989 967 1043 1062 1064 1074 994 1004 947 842 686 534 411 339 256 198 163 88 66 67 49 26 13 4 5 4 6 13 5 3 0 0 0 0 0 0 0 0 0 0 0 0 0 0 0 0 0 0 0 0 0 0 0 0 0 0 0 0 0 0 0 2 2 3 7 11 24 53 48 65 98 109 131 121 145 146 145 163 199 235 264 277 282 345 429 460 459 555
469 500 478 565 613 589 745 702 720 768 803 857 926 928 1029 1019 978 1016 972 1026 957 823 693 587 436 391 295 211 140 99 60 70 38 42 14 3 2 4 9 13 8 1 0 0 0 0 0 0 0 0 0 0 0 0 0 0 0 0 0 0 0 0 0 0 0 0 0 0 0 0 0 1 0 2 2 5 9 6 20 39 52 55 57 81 81 100 117 119 121 151 140 197 226 255 290 329 339 413 454 430
386 445 484 491 561 587 587 605 603 681 709 725 814 913 929 905 863 875 950 887 852 737 703 539 493 380 330 224 159 99 65 51 49 43 15 11 5 5 8 11 4 1 0 0 0 0 0 0 0 0 0 0 0 0 0 0 0 0 0 0 0 0 0 0 0 0 0 0 0 0 0 0 0 5 3 4 7 11 22 26 49 29 43 61 78 84 83 97 135 162 139 166 211 197 231 261 287 339 373 387
301 353 405 432 437 480 493 566 567 540 585 690 707 805 691 841 781 814 863 813 722 668 628 530 430 401 343 235 178 85 70 55 52 34 24 17 4 6 6 2 4 2 0 0 0 0 0 0 0 0 0 0 0 0 0 0 0 0 0 0 0 0 0 0 0 0 0 0 0 0 0 0 0 4 7 6 14 24 14 24 27 32 42 48 50 46 66 83 115 115 110 173 168 164 172 231 265 264 275 326
257 293 321 342 359 376 462 442 450 465 509 615 624 617 647 672 717 718 685 694 682 603 521 450 422 344 315 228 168 104 47 44 39 38 27 10 8 5 6 6 2 0 0 0 0 0 0 0 0 0 0 0 0 0 0 0 0 0 0 0 0 0 0 0 0 0 0 0 0 0 0 0 0 2 7 7 10 18 20 14 9 19 15 29 33 31 45 45 83 97 86 110 118 136 141 176 202 204 208 246
204 207 214 250 269 320 306 331 346 422 433 449 472 437 496 588 581 589 579 627 566 495 468 377 369 350 287 222 150 92 71 49 48 28 29 25 10 6 6 6 1 0 1 0 0 0 0 0 0 0 0 0 0 0 0 0 0 0 0 0 0 0 0 0 0 0 0 0 0 0 0 0 0 4 5 10 9 8 9 9 11 9 14 16 32 30 38 52 49 62 76 66 76 76 113 108 127 172 147 187
150 137 167 198 219 215 266 253 309 287 350 386 392 376 382 444 473 493 483 445 425 447 399 371 325 267 285 207 152 102 78 60 65 40 34 45 14 6 10 1 3 2 1 0 0 0 0 0 0 0 0 0 0 0 0 0 0 0 0 0 0 0 0 0 0 0 0 0 0 0 0 0 2 2 3 2 5 8 13 9 4 8 11 20 23 23 25 33 30 42 38 47 56 54 70 87 87 105 132 114
78 107 125 153 173 183 171 215 208 260 254 283 309 324 330 339 373 449 422 392 428 387 325 285 274 247 212 222 149 103 77 76 92 63 50 36 14 14 9 5 9 5 0 0 0 0 0 0 0 0 0 0 0 0 0 0 0 0 0 0 0 0 0 0 0 0 0 0 0 0 0 0 0 1 1 1 1 2 1 5 4 6 13 18 14 24 22 17 9 22 22 27 31 28 27 62 59 69 95 102
64 60 91 112 122 135 140 171 164 184 191 210 220 254 252 292 318 338 348 346 337 338 287 244 242 241 208 186 146 110 119 118 100 80 54 40 29 14 22 11 7 3 1 0 0 0 0 0 0 0 0 0 0 0 0 0 0 0 0 0 0 0 0 0 0 0 0 0 0 0 0 0 0 0 0 0 2 2 1 3 6 1 4 5 9 7 12 5 10 9 11 14 21 22 32 26 46 44 57 52
36 52 52 68 79 77 107 115 130 153 150 147 190 200 207 259 242 225 234 271 282 258 260 258 210 224 195 247 207 161 141 126 113 106 85 64 47 28 15 9 6 6 0 0 0 0 0 0 0 0 0 0 0 0 0 0 0 0 0 0 0 0 0 0 0 0 0 0 0 0 0 0 0 0 0 1 1 1 1 0 2 4 2 0 4 5 3 1 1 7 6 6 19 15 15 31 43 32 57 50
23 25 26 51 52 55 61 69 84 88 105 115 130 121 149 159 193 183 192 214 193 208 201 201 207 186 230 227 209 201 187 161 148 155 111 86 51 37 23 27 10 8 1 0 1 0 0 0 0 0 0 0 0 0 0 0 0 0 0 0 0 0 0 0 0 0 0 0 0 0 0 0 0 0 0 0 0 0 0 0 0 0 4 1 0 2 1 3 4 6 6 5 9 14 21 21 15 34 24 39
15 13 25 24 30 15 31 35 43 56 44 78 63 73 107 118 135 130 134 152 155 155 188 157 211 215 215 255 240 270 218 271 248 189 171 117 86 87 42 32 15 7 2 1 0 0 0 0 0 0 0 0 0 0 0 0 0 0 0 0 0 0 0 0 0 0 0 0 0 0 0 0 0 0 0 0 0 0 1 0 0 0 0 1 1 1 2 0 1 0 4 11 14 13 13 5 17 21 15 14
17 18 28 13 22 29 18 24 33 23 33 28 37 51 53 66 88 65 117 105 115 135 139 150 175 187 207 277 260 301 331 372 351 312 267 222 149 119 118 52 28 16 4 3 0 0 0 0 0 0 0 0 0 0 0 0 0 0 0 0 0 0 0 0 0 0 0 0 0 0 0 0 0 0 0 0 0 0 0 0 0 0 0 0 1 1 1 1 2 3 2 2 6 15 12 16 11 9 7 8
2 12 12 17 15 25 20 18 20 23 24 14 13 28 29 39 44 69 70 103 111 111 155 143 168 169 174 212 275 389 435 495 474 521 395 320 246 216 149 89 46 22 8 4 2 0 0 0 0 0 0 0 0 0 0 0 0 0 0 0 0 0 0 0 0 0 0 0 0 0 0 0 0 0 0 0 0 0 0 0 0 0 0 0 0 1 0 0 1 2 0 5 13 15 5 16 7 2 6 8
3 2 12 8 16 22 24 10 15 12 18 17 19 18 11 28 34 55 55 80 87 106 135 103 133 125 146 189 267 366 512 615 609 611 557 442 327 287 174 138 77 32 16 7 2 0 0 0 0 0 0 0 0 0 0 0 0 0 0 0 0 0 0 0 0 0 0 0 0 0 0 0 0 0 0 0 0 0 0 0 0 0 0 0 0 0 0 0 0 2 1 3 7 8 8 10 6 6 1 1
0 0 4 9 12 19 13 11 14 14 11 13 11 12 9 14 29 32 41 70 90 89 77 85 83 91 127 189 239 374 482 620 666 698 678 596 461 360 244 173 106 62 23 8 3 2 0 0 1 0 0 0 0 0 0 0 0 0 0 0 0 0 0 0 0 0 0 0 0 0 0 0 0 0 0 0 0 0 0 0 0 0 0 0 0 0 0 0 0 0 2 3 2 4 1 0 4 1 0 0
0 0 1 7 8 10 9 12 12 14 8 13 5 3 4 13 7 11 23 26 62 61 59 54 57 62 74 132 205 276 419 514 644 713 680 689 606 409 318 231 152 93 47 19 3 2 0 3 0 0 0 0 0 0 0 0 0 0 0 0 0 0 0 0 0 0 0 0 0 0 0 0 0 0 0 0 0 0 0 0 0 0 0 0 0 0 0 0 0 0 0 0 0 0 1 1 0 0 0 0
0 0 0 2 6 3 7 3 2 3 4 3 0 7 5 6 10 18 11 16 14 23 29 17 35 39 47 82 175 202 308 417 581 678 755 715 704 585 414 342 156 112 51 28 10 6 3 0 0 0 0 0 0 0 0 0 0 0 0 0 0 0 0 0 0 0 0 0 0 0 0 0 0 0 0 0 0 0 0 0 0 0 0 0 0 0 0 0 0 0 0 0 0 0 0 0 0 0 0 0
0 0 0 1 2 1 1 1 2 1 3 3 5 2 4 7 5 9 5 10 9 10 9 13 5 10 30 73 104 173 204 320 455 578 671 734 702 658 529 353 269 135 66 47 16 14 5 2 0 0 0 0 0 0 0 0 0 0 0 0 0 0 0 0 0 0 0 0 0 0 0 0 0 0 0 0 0 0 0 0 0 0 0 0 0 0 0 0 0 0 0 0 0 0 0 0 0 0 0 0
0 0 0 0 0 0 0 0 0 3 1 3 1 3 2 5 4 9 14 15 11 11 10 5 7 5 23 42 67 103 161 236 362 495 589 676 702 694 580 407 283 166 96 45 27 18 6 2 0 0 0 0 0 0 0 0 0 0 0 0 0 0 0 0 0 0 0 0 0 0 0 0 0 0 0 0 0 0 0 0 0 0 0 0 0 0 0 0 0 0 0 0 0 0 0 0 0 0 0 0
0 0 0 0 0 0 0 0 1 3 1 3 4 2 2 2 10 3 16 6 14 12 9 9 7 5 7 13 36 66 120 181 257 358 428 522 599 611 573 423 305 187 139 51 18 8 7 0 0 0 0 0 0 0 0 0 0 0 0 0 0 0 0 0 0 0 0 0 0 0 0 0 0 0 0 0 0 0 0 0 0 0 0 0 0 0 0 0 0 0 0 0 0 0 0 0 0 0 0 0
0 0 0 0 0 0 0 1 1 0 1 1 1 2 1 2 8 7 14 11 9 9 8 10 5 5 7 14 27 38 62 134 163 213 257 396 453 481 466 396 307 221 104 46 26 11 2 0 0 0 0 0 0 0 0 0 0 0 0 0 0 0 0 0 0 0 0 0 0 0 0 0 0 0 0 0 0 0 0 0 0 0 0 0 0 0 0 0 0 0 0 0 0 0 0 0 0 0 0 0
0 0 0 0 0 0 0 1 0 0 0 0 0 0 0 1 3 2 6 7 8 14 10 13 3 6 4 11 20 35 53 71 102 144 172 201 274 331 345 329 304 206 119 37 23 9 2 0 0 0 0 0 0 0 0 0 0 0 0 0 0 0 0 0 0 0 0 0 0 0 0 0 0 0 0 0 0 0 0 0 0 0 0 0 0 0 0 0 0 0 0 0 0 0 0 0 0 0 0 0
0 0 0 0 0 0 0 0 0 0 0 0 0 0 0 0 1 3 4 3 3 5 9 10 3 8 3 11 16 21 32 45 58 90 78 119 177 229 219 263 202 148 98 54 13 3 4 0 0 0 0 0 0 0 0 0 0 0 0 0 0 0 0 0 0 0 0 0 0 0 0 0 0 0 0 0 0 0 0 0 0 0 0 0 0 0 0 0 0 0 0 0 0 0 0 0 0 0 0 0
0 0 0 0 0 0 0 0 0 0 0 0 0 0 0 0 1 1 0 1 0 2 7 3 2 6 6 16 10 9 18 15 26 38 44 54 92 113 159 164 187 129 87 33 11 4 2 0 0 0 0 0 0 0 0 0 0 0 0 0 0 0 0 0 0 0 0 0 0 0 0 0 0 0 0 0 0 0 0 0 0 0 0 0 0 0 0 0 0 0 0 0 0 0 0 0 0 0 0 0
0 0 0 0 0 0 0 0 0 0 0 0 0 0 0 0 0 0 0 0 0 0 1 3 1 2 4 8 7 3 6 6 13 17 16 36 34 54 67 82 76 94 67 34 6 4 0 0 0 0 0 0 0 0 0 0 0 0 0 0 0 0 0 0 0 0 0 0 0 0 0 0 0 0 0 0 0 0 0 0 0 0 0 0 0 0 0 0 0 0 0 0 0 0 0 0 0 0 0 0
0 0 0 0 0 0 0 0 0 0 0 0 0 0 0 0 0 0 0 0 0 0 0 0 1 0 1 0 1 1 1 0 1 1 3 11 8 31 36 35 34 38 37 26 7 3 0 0 0 0 0 0 0 0 0 0 0 0 0 0 0 0 0 0 0 0 0 0 0 0 0 0 0 0 0 0 0 0 0 0 0 0 0 0 0 0 0 0 0 0 0 0 0 0 0 0 0 0 0 0
0 0 0 0 0 0 0 0 0 0 0 0 0 0 0 0 0 0 0 0 0 0 0 0 0 0 0 0 0 0 0 0 0 0 1 5 7 11 18 16 21 23 20 12 6 3 0 0 0 0 0 0 0 0 0 0 0 0 0 0 0 0 0 0 0 0 0 0 0 0 0 0 0 0 0 0 0 0 0 0 0 0 0 0 0 0 0 0 0 0 0 0 0 0 0 0 0 0 0 0
0 0 0 0 0 0 0 0 0 0 0 0 0 0 0 0 0 0 0 0 0 0 0 0 0 0 0 0 0 0 0 0 0 0 0 0 5 7 6 5 7 4 6 6 4 2 0 0 0 0 0 0 0 0 0 0 0 0 0 0 0 0 0 0 0 0 0 0 0 0 0 0 0 0 0 0 0 0 0 0 0 0 0 0 0 0 0 0 0 0 0 0 0 0 0 0 0 0 0 0
0 0 0 0 0 0 0 0 0 0 0 0 0 0 0 0 0 0 0 0 0 0 0 0 0 0 0 0 0 0 0 0 0 0 0 1 2 0 2 1 1 0 0 0 0 0 0 0 0 0 0 0 0 0 0 0 0 0 0 0 0 0 0 0 0 0 0 0 0 0 0 0 0 0 0 0 0 0 0 0 0 0 0 0 0 0 0 0 0 0 0 0 0 0 0 0 0 0 0 0
0 0 0 0 0 0 0 0 0 0 0 0 0 0 0 0 0 0 0 0 0 0 0 0 0 0 0 0 0 0 0 0 0 0 0 0 0 0 0 1 0 0 0 0 0 0 0 0 0 0 0 0 0 0 0 0 0 0 0 0 0 0 0 0 0 0 0 0 0 0 0 0 0 0 0 0 0 0 0 0 0 0 0 0 0 0 0 0 0 0 0 0 0 0 0 0 0 0 0 0
0 0 0 0 0 0 0 0 0 0 0 0 0 0 0 0 0 0 0 0 0 0 0 0 0 0 0 0 0 0 0 0 0 0 0 0 0 0 0 0 0 0 0 0 0 0 0 0 0 0 0 0 0 0 0 0 0 0 0 0 0 0 0 0 0 0 0 0 0 0 0 0 0 0 0 0 0 0 0 0 0 0 0 0 0 0 0 0 0 0 0 0 0 0 0 0 0 0 0 0
0 0 0 0 0 0 0 0 0 0 0 0 0 0 0 0 0 0 0 0 0 0 0 0 0 0 0 0 0 0 0 0 0 0 0 0 0 0 0 0 0 0 0 0 0 0 0 0 0 0 0 0 0 0 0 0 0 0 0 0 0 0 0 0 0 0 0 0 0 0 0 0 0 0 0 0 0 0 0 0 0 0 0 0 0 0 0 0 0 0 0 0 0 0 0 0 0 0 0 0
0 0 0 0 0 0 0 0 0 0 0 0 0 0 0 0 0 0 0 0 0 0 0 0 0 0 0 0 0 0 0 0 0 0 0 0 0 0 0 0 0 0 0 0 0 0 0 0 0 0 0 0 0 0 0 0 0 0 0 0 0 0 0 0 0 0 0 0 0 0 0 0 0 0 0 0 0 0 0 0 0 0 0 0 0 0 0 0 0 0 0 0 0 0 0 0 0 0 0 0
0 0 0 0 0 0 0 0 0 0 0 0 0 0 0 0 0 0 0 0 0 0 0 0 0 0 0 0 0 0 0 0 0 0 0 0 0 0 0 0 0 0 0 0 0 0 0 0 0 0 0 0 0 0 0 0 0 0 0 0 0 0 0 0 0 0 0 0 0 0 0 0 0 0 0 0 0 0 0 0 0 0 0 0 0 0 0 0 0 0 0 0 0 0 0 0 0 0 0 0
0 0 0 0 0 0 0 0 0 0 0 0 0 0 0 0 0 0 0 0 0 0 0 0 0 0 0 0 0 0 0 0 0 0 0 0 0 0 0 0 0 0 0 0 0 0 0 0 0 0 0 0 0 0 0 0 0 0 0 0 0 0 0 0 0 0 0 0 0 0 0 0 0 0 0 0 0 0 0 0 0 0 0 0 0 0 0 0 0 0 0 0 0 0 0 0 0 0 0 0
0 0 0 0 0 0 0 0 0 0 0 0 0 0 0 0 0 0 0 0 0 0 0 0 0 0 0 0 0 0 0 0 0 0 0 0 0 0 0 0 0 0 0 0 0 0 0 0 0 0 0 0 0 0 0 0 0 0 0 0 0 0 0 0 0 0 0 0 0 0 0 0 0 0 0 0 0 0 0 0 0 0 0 0 0 0 0 0 0 0 0 0 0 0 0 0 0 0 0 0
0 0 0 0 0 0 0 0 0 0 0 0 0 0 0 0 0 0 0 0 0 0 0 0 0 0 0 0 0 0 0 0 0 0 0 0 0 0 0 0 0 0 0 0 0 0 0 0 0 0 0 0 0 0 0 0 0 0 0 0 0 0 0 0 0 0 0 0 0 0 0 0 0 0 0 0 0 0 0 0 0 0 0 0 0 0 0 0 0 0 0 0 0 0 0 0 0 0 0 0
0 0 0 0 0 0 0 0 0 0 0 0 0 0 0 0 0 0 0 0 0 0 0 0 0 0 0 0 0 0 0 0 0 0 0 0 0 0 0 0 0 0 0 0 0 0 0 0 0 0 0 0 0 0 0 0 0 0 0 0 0 0 0 0 0 0 0 0 0 0 0 0 0 0 0 0 0 0 0 0 0 0 0 0 0 0 0 0 0 0 0 0 0 0 0 0 0 0 0 0
0 0 0 0 0 0 0 0 0 0 0 0 0 0 0 0 0 0 0 0 0 0 0 0 0 0 0 0 0 0 0 0 0 0 0 0 0 0 0 0 0 0 0 0 0 0 0 0 0 0 0 0 0 0 0 0 0 0 0 0 0 0 0 2 0 0 0 0 0 0 0 0 0 0 0 0 0 0 0 0 0 0 0 0 0 0 0 0 0 0 0 0 0 0 0 0 0 0 0 0
0 0 0 0 0 0 0 0 0 0 0 0 0 0 0 0 0 0 0 0 0 0 0 0 0 0 0 0 0 0 0 0 0 0 0 0 0 0 0 0 0 0 0 0 0 0 0 0 0 0 0 0 0 0 0 0 0 0 0 0 2 3 6 5 2 6 0 7 0 1 1 1 0 0 0 0 0 0 0 0 0 0 0 0 0 0 0 0 0 0 0 0 0 0 0 0 0 0 0 0
0 0 0 0 0 0 0 0 0 0 0 0 0 0 0 0 0 0 0 0 0 0 0 0 0 0 0 0 0 0 0 0 0 0 0 0 0 0 0 0 0 0 0 0 0 0 0 0 0 0 0 0 0 0 0 0 0 0 0 8 17 20 31 29 31 34 24 16 16 6 2 2 1 1 0 0 0 0 0 0 0 0 0 0 1 0 0 0 0 0 0 0 0 0 0 0 0 0 0 0
0 0 0 0 0 0 0 0 0 0 0 0 0 0 0 0 0 0 0 0 0 0 0 0 0 0 0 0 0 0 0 0 0 0 0 0 0 0 0 0 0 0 0 0 0 0 0 0 0 0 0 0 0 0 0 0 0 0 2 13 45 65 101 125 110 109 75 58 34 24 8 8 0 0 0 0 0 0 0 0 0 0 0 2 1 0 0 0 0 0 0 0 0 0 0 0 0 0 0 0
0 0 0 0 0 0 0 0 0 0 0 0 0 0 0 0 0 0 0 0 0 0 0 0 0 0 0 0 0 0 0 0 0 0 0 0 0 0 0 0 0 0 0 0 0 0 0 0 0 0 0 0 0 0 0 0 0 0 1 23 85 157 232 238 261 212 190 117 61 47 20 15 4 2 1 1 0 2 0 0 2 1 3 1 3 1 0 0 1 0 0 0 0 0 0 0 0 0 0 0
0 0 0 0 0 0 0 0 0 0 0 0 0 0 0 0 0 0 0 0 0 0 0 0 0 0 0 0 0 0 0 0 0 0 0 0 0 0 0 0 0 0 0 0 0 0 0 0 0 0 0 0 0 0 0 0 0 0 3 37 115 251 342 411 475 414 394 255 160 100 44 17 8 2 1 3 6 2 5 3 3 4 7 0 3 2 1 2 2 1 1 0 0 0 0 0 0 0 0 0
0 0 0 0 0 0 0 0 0 0 0 0 0 0 0 0 0 0 0 0 0 0 0 0 0 0 0 0 0 0 0 0 0 0 0 0 0 0 0 0 0 0 0 0 0 0 0 0 0 0 0 0 0 0 0 0 0 0 6 37 112 241 450 611 689 663 559 470 312 173 107 53 28 14 4 8 8 9 7 13 4 7 6 9 2 2 1 2 0 4 3 1 0 0 0 0 0 0 0 0
0 0 0 0 0 0 0 0 0 0 0 0 0 0 0 0 0 0 0 0 0 0 0 0 0 0 0 0 0 0 0 0 0 0 0 0 0 0 0 0 0 0 0 0 0 0 0 0 0 0 0 0 0 0 0 0 0 1 4 23 111 242 459 650 811 899 848 627 507 288 215 116 67 34 24 10 10 16 12 16 8 8 13 11 16 9 2 0 2 7 4 2 1 2 0 0 0 0 0 0
0 1 1 0 0 0 0 0 0 0 0 0 0 0 0 0 0 0 0 0 0 0 0 0 0 0 0 0 0 0 0 0 0 0 0 0 0 0 0 0 0 0 0 0 0 0 0 0 0 0 0 0 0 0 0 0 0 1 5 22 76 177 383 626 836 1010 991 877 665 461 345 194 121 73 53 22 20 26 25 12 29 18 20 20 17 8 3 3 0 1 2 1 0 1 0 0 0 0 0 0
1 4 2 0 0 1 0 0 0 0 0 0 0 0 0 0 0 0 0 0 0 0 0 0 0 0 0 0 0 0 0 0 0 0 0 0 0 0 0 0 0 0 0 0 0 0 0 0 0 0 0 0 0 0 0 0 0 0 2 12 49 131 280 526 735 930 890 893 765 578 417 256 140 99 66 48 39 51 51 39 38 23 28 39 23 18 13 7 4 6 5 1 3 1 5 2 3 5 2 0
10 6 3 3 2 1 0 0 0 0 0 0 0 0 0 0 0 0 0 0 0 0 0 0 0 0 0 0 0 0 0 0 0 0 0 0 0 0 0 0 0 0 0 0 0 0 0 0 0 0 0 0 0 0 0 0 0 0 1 12 27 76 201 391 601 767 850 793 696 628 427 300 200 145 116 65 77 69 64 44 34 42 43 49 38 25 23 18 12 17 7 14 9 11 10 7 12 7 11 14
6 11 8 15 9 4 2 1 0 1 0 1 0 0 0 0 0 0 0 0 0 0 0 0 0 0 0 0 0 0 0 0 0 0 0 0 0 0 0 0 0 0 0 0 0 0 0 0 0 0 0 0 0 0 0 0 0 0 1 7 22 69 158 248 422 532 583 653 591 541 432 283 216 148 152 114 101 61 61 58 55 49 68 60 40 45 28 23 34 29 27 16 20 27 16 19 21 14 22 18
15 11 19 7 13 5 5 1 2 3 1 1 1 0 0 0 0 0 0 0 0 0 0 0 0 0 0 0 0 0 0 0 0 0 0 0 0 0 0 0 0 0 0 0 0 0 0 0 0 0 0 0 0 0 0 0 0 0 1 6 13 52 107 169 296 373 418 451 436 364 332 272 227 181 156 136 127 100 79 77 68 59 71 66 54 58 59 57 50 37 46 36 34 28 30 41 27 23 23 12
18 15 23 19 13 13 7 8 8 6 5 1 0 1 0 0 0 0 0 0 0 0 0 0 0 0 0 0 0 0 0 0 0 0 0 0 0 0 0 0 0 0 0 0 0 0 0 0 0 0 0 0 0 0 0 0 0 0 3 10 15 27 49 128 154 203 247 359 338 325 313 256 213 191 162 133 133 124 111 101 75 76 74 78 83 95 92 78 73 52 50 48 31 32 41 36 40 40 36 28
24 27 26 30 11 18 16 11 12 12 4 2 4 2 0 0 0 0 0 0 0 0 0 0 0 0 0 0 0 0 0 0 0 0 0 0 0 0 0 0 0 0 0 0 0 0 0 0 0 0 0 0 0 0 0 0 0 0 0 4 7 20 20 46 65 101 173 225 263 244 248 266 197 181 167 177 169 154 142 128 127 117 127 107 110 136 112 117 93 110 82 61 55 45 36 32 32 26 32 25
37 42 30 34 33 25 27 28 19 11 12 1 8 2 2 2 1 2 0 2 0 0 0 0 0 0 0 0 0 0 0 0 0 0 0 0 0 0 0 0 0 0 0 0 0 0 0 0 0 0 0 0 0 0 0 0 0 0 1 1 3 5 12 18 25 63 82 163 179 203 208 211 218 208 214 223 222 183 157 164 199 183 168 179 169 150 172 143 142 118 119 88 84 53 44 44 54 57 44 38
49 55 48 52 42 45 34 39 23 12 12 17 13 5 11 5 2 4 7 1 0 0 0 0 0 1 0 1 0 0 0 0 0 0 0 0 0 0 0 0 0 0 0 0 0 0 0 0 0 0 0 0 0 0 0 0 0 0 0 0 2 6 9 13 15 33 54 63 121 161 153 190 217 216 240 208 252 233 239 249 251 283 223 284 245 219 204 224 203 196 169 160 116 89 73 85 83 67 56 65
105 82 66 70 57 66 58 53 34 32 22 27 26 16 16 12 6 4 5 2 3 0 0 0 1 2 1 0 0 0 0 0 0 0 0 0 0 0 0 0 0 0 0 0 0 0 0 0 0 0 0 0 0 0 0 0 0 0 0 1 2 4 5 9 19 23 46 62 73 88 159 180 202 228 287 277 281 281 315 311 323 334 345 305 317 315 324 318 290 261 262 241 191 174 130 130 141 122 117 110
159 143 123 84 106 91 71 60 55 42 42 41 41 35 14 20 6 14 4 10 5 3 0 2 2 1 0 0 0 0 0 0 0 0 0 0 0 0 0 0 0 0 0 0 0 0 0 0 0 0 0 0 0 0 0 0 0 0 0 0 1 2 3 7 12 14 27 38 41 64 82 160 200 232 279 272 309 363 407 449 433 445 468 430 409 428 435 427 391 375 310 294 279 249 228 207 173 170 185 167
205 208 161 140 133 126 117 104 83 55 59 44 39 36 27 24 18 12 17 9 11 6 3 2 5 0 0 0 0 0 0 0 0 0 0 0 0 0 0 0 0 0 0 0 0 0 0 0 0 0 0 0 0 0 0 0 0 0 0 0 0 0 0 3 7 15 20 26 34 43 85 137 181 223 281 343 348 435 522 527 561 545 590 556 538 571 531 576 463 423 401 417 372 373 332 278 274 254 253 227
258 237 226 182 148 136 150 116 106 66 59 52 57 40 42 47 45 28 28 20 18 13 7 3 4 5 0 3 0 0 0 0 0 0 0 0 0 0 0 0 0 0 0 0 0 0 0 0 0 0 0 0 0 0 0 0 0 0 0 0 0 0 0 0 4 12 12 15 24 37 56 110 153 228 298 395 445 496 602 626 695 709 705 680 671 605 629 610 625 550 511 454 454 453 436 355 308 333 315 265
304 316 256 241 205 188 173 119 117 102 76 84 68 62 56 59 41 54 33 24 22 24 16 5 2 3 0 3 0 0 1 0 0 0 0 0 0 0 0 0 0 0 0 0 0 0 0 0 0 0 0 0 0 0 0 0 0 0 0 0 0 0 0 0 4 9 7 9 14 36 56 72 132 194 268 383 530 590 621 685 765 784 800 777 767 691 778 705 675 645 554 582 525 510 485 432 433 375 335 322
354 330 301 308 222 216 156 132 114 109 122 78 86 90 109 99 76 62 40 34 41 16 21 7 5 6 0 0 2 2 0 0 0 0 0 0 0 0 0 0 0 0 0 0 0 0 0 0 0 0 0 0 0 0 0 0 0 0 0 0 0 0 0 0 1 5 8 10 12 39 61 91 153 214 329 404 545 598 629 728 804 883 905 869 883 783 817 785 732 665 645 629 635 573 572 535 500 454 346 375
411 373 347 308 276 228 169 153 139 162 156 122 108 123 122 92 97 75 54 40 36 14 10 7 8 2 0 0 1 1 3 1 1 0 0 0 0 0 0 0 0 0 0 0 0 0 0 0 0 0 0 0 0 0 0 0 0 0 0 0 0 0 0 2 2 6 4 11 20 26 50 92 151 194 286 448 569 664 771 815 905 928 969 999 949 933 866 888 838 751 782 740 662 630 612 547 551 454 426 427
412 382 334 295 284 236 199 174 184 169 150 137 150 159 131 142 102 102 81 66 34 20 14 12 5 3 2 1 0 0 3 0 0 0 0 0 0 0 0 0 0 0 0 0 0 0 0 0 0 0 0 0 0 0 0 0 0 0 0 0 0 0 1 3 3 8 5 15 23 29 60 88 142 216 328 454 582 688 778 895 918 992 996 952 1013 965 953 978 917 847 819 786 720 755 645 602 555 505 479 417
450 391 389 360 293 300 236 207 215 197 171 197 178 172 156 146 119 101 114 78 39 35 25 11 7 2 5 2 1 0 2 2 0 0 0 0 0 0 0 0 0 0 0 0 0 0 0 0 0 0 0 0 0 0 0 0 0 0 0 0 0 0 0 1 5 4 6 14 26 27 35 87 143 241 331 481 626 708 764 895 939 966 980 1040 1055 994 977 974 937 891 842 834 801 766 660 646 626 556 506 487
500 424 390 373 311 285 272 257 240 212 228 185 199 174 192 184 171 128 133 78 53 46 28 16 8 9 2 3 1 2 0 0 1 0 0 0 0 0 0 0 0 0 0 0 0 0 0 0 0 0 0 0 0 0 0 0 0 0 0 0 0 1 0 3 7 7 8 18 27 15 33 71 157 211 355 451 591 720 813 884 944 1000 1059 979 1030 1013 1004 982 1012 895 793 894 810 748 682 639 602 572 517 511
503 492 413 412 367 351 289 302 254 276 260 270 212 173 213 190 175 119 111 96 65 47 25 15 19 4 3 5 0 1 0 0 0 0 0 0 0 0 0 0 0 0 0 0 0 0 0 0 0 0 0 0 0 0 0 0 0 0 0 0 0 0 0 2 2 4 9 7 10 17 46 80 168 231 335 455 590 781 811 916 968 978 1034 973 1022 999 1018 927 948 943 868 907 804 727 740 643 608 632 583 575
530 517 449 422 408 373 341 302 283 284 247 200 217 201 212 182 177 167 158 116 80 56 52 25 11 10 9 6 1 0 0 0 0 0 0 0 0 0 0 0 0 0 0 0 0 0 0 0 0 0 0 0 0 0 0 0 0 0 0 0 0 0 0 0 0 0 2 6 8 17 37 74 174 225 288 443 561 671 786 878 969 935 956 1030 1035 928 951 938 914 882 869 839 807 788 698 649 601 606 595 568
584 554 518 467 425 396 382 381 340 285 274 246 219 209 188 206 191 187 151 118 96 70 45 43 22 21 9 4 1 0 0 0 0 0 0 0 0 0 0 0 0 0 0 0 0 0 0 0 0 0 0 0 0 0 0 0 0 0 0 0 0 0 0 0 1 0 3 4 12 24 39 75 128 193 263 417 498 644 701 825 834 917 918 973 1053 956 998 970 916 847 875 818 822 814 698 681 628 626 604 594
616 542 547 520 459 421 447 392 372 304 317 264 252 235 227 216 219 218 164 137 120 77 57 52 44 21 12 11 2 0 0 0 0 0 0 0 0 0 0 0 0 0 0 0 0 0 0 0 0 0 0 0 0 0 0 0 0 0 0 0 0 0 0 0 0 0 0 1 10 23 41 81 99 197 311 367 449 529 698 723 812 863 913 956 989 1020 921 860 941 836 801 863 785 814 722 738 714 618 625 599
639 593 546 514 482 508 441 440 418 382 344 292 269 275 251 242 238 212 183 164 117 87 74 53 56 25 6 5 2 1 0 0 0 0 0 0 0 0 0 0 0 0 0 0 0 0 0 0 0 0 0 0 0 0 0 0 0 0 0 0 0 0 0 0 0 0 0 2 3 12 41 72 106 176 261 351 510 578 634 697 831 866 921 878 960 898 904 898 921 919 842 804 788 747 751 672 707 655 629 630
643 596 565 591 579 558 528 467 432 372 370 304 321 303 298 228 224 221 182 158 141 115 84 70 54 26 20 7 3 3 0 0 0 0 0 0 0 0 0 0 0 0 0 0 0 0 0 0 0 0 0 0 0 0 0 0 0 0 0 0 0 0 0 0 0 0 0 1 4 23 57 73 111 168 238 313 458 546 621 663 732 846 851 857 914 904 921 930 936 900 926 773 784 696 677 637 629 673 634 649
656 618 603 647 629 559 559 455 458 406 354 348 320 333 287 251 223 221 206 174 145 132 124 61 59 37 16 11 8 2 0 0 0 0 0 0 0 0 0 0 0 0 0 0 0 0 0 0 0 0 0 0 0 0 0 0 0 0 0 0 0 0 0 0 0 0 0 0 3 16 46 68 151 175 239 290 381 455 604 601 741 783 805 894 954 899 853 836 910 916 940 835 763 735 714 722 661 612 684 667
754 672 663 657 653 613 596 554 455 446 355 338 323 336 321 248 258 246 236 181 149 145 103 88 61 35 33 27 9 2 0 0 0 0 0 0 0 0 0 0 0 0 0 0 0 0 0 0 0 0 0 0 0 0 0 0 0 0 0 0 0 0 0 0 0 0 0 4 5 19 30 80 109 192 217 280 384 508 561 606 707 695 798 806 842 841 800 896 857 849 820 852 773 734 678 704 724 659 648 756
742 722 695 708 691 687 627 593 554 454 411 341 328 325 314 272 282 245 201 217 157 141 123 100 67 41 31 17 10 3 0 0 0 0 0 0 0 0 0 0 0 0 0 0 0 0 0 0 0 0 0 0 0 0 0 0 0 0 0 0 0 0 0 0 0 0 0 3 12 21 48 77 130 159 223 273 351 377 498 572 623 661 731 747 754 735 776 780 810 855 798 789 791 770 769 715 656 698 702 661
666 736 710 752 708 600 617 531 502 494 427 381 361 324 354 347 325 277 288 218 203 154 119 92 57 41 33 20 9 0 0 0 0 0 0 0 0 0 0 0 0 0 0 0 0 0 0 0 0 0 0 0 0 0 0 0 0 0 0 0 0 0 0 0 0 0 0 2 6 20 54 67 110 152 226 232 339 404 445 484 595 657 677 704 704 757 757 774 738 837 810 797 753 774 716 731 690 702 724 709
720 700 721 705 681 628 645 575 530 510 461 426 348 388 362 382 392 340 322 262 219 175 142 98 78 54 37 23 8 1 3 0 0 0 0 0 0 0 0 0 0 0 0 0 0 0 0 0 0 0 0 0 0 0 0 0 0 0 0 0 0 0 0 0 0 0 1 2 6 24 46 63 74 116 170 250 326 388 407 440 519 567 637 677 669 708 719 694 705 724 762 775 776 777 762 752 679 718 673 718
686 728 735 737 674 671 660 603 593 532 469 462 481 418 401 402 394 411 297 288 243 218 163 92 85 58 41 20 13 6 1 2 0 0 0 0 0 0 0 0 0 0 0 0 0 0 0 0 0 0 0 0 0 0 0 0 0 0 0 0 0 0 0 0 0 0 0 3 7 13 28 54 86 104 132 241 276 326 422 456 552 546 598 674 641 609 665 662 679 749 752 783 718 730 733 758 742 755 747 688
779 764 710 707 690 737 735 646 643 605 576 547 485 490 475 469 438 407 366 353 274 251 154 129 96 74 45 16 12 12 12 4 4 0 0 0 0 0 0 0 0 0 0 0 0 0 0 0 0 0 0 0 0 0 0 0 0 0 0 0 0 0 0 0 0 0 0 0 2 7 19 49 54 89 122 178 260 354 377 447 470 530 561 551 620 661 607 632 668 730 702 712 677 680 731 755 722 710 709 711
739 784 799 742 731 788 685 726 696 668 592 565 516 554 549 454 440 438 403 347 296 230 182 127 103 71 48 25 11 12 14 10 3 1 0 0 0 0 0 0 0 0 0 0 0 0 0 0 0 0 0 0 0 0 0 0 0 0 0 0 0 0 0 0 0 0 0 0 0 6 8 25 45 68 99 175 254 319 395 433 490 549 576 613 552 609 675 628 651 643 709 710 664 633 732 742 735 696 776 719
771 749 822 760 785 738 694 715 669 677 625 618 603 545 542 522 505 431 388 381 312 268 209 168 120 77 51 31 12 7 12 5 2 0 0 0 0 0 0 0 0 0 0 0 0 0 0 0 0 0 0 0 0 0 0 0 0 0 0 0 0 0 0 0 0 0 0 0 0 2 4 16 28 48 84 132 226 292 360 414 496 560 566 606 637 639 614 596 623 650 652 652 688 686 692 726 819 769 728 791
778 794 820 820 753 758 765 737 681 642 659 633 600 634 592 567 516 505 414 366 323 283 238 162 107 73 65 51 18 14 8 9 1 0 0 0 0 0 0 0 0 0 0 0 0 0 0 0 0 0 0 0 0 0 0 0 0 0 0 0 0 0 0 0 0 0 0 0 0 1 4 13 16 55 88 124 211 266 365 415 469 514 558 537 568 541 533 536 566 619 636 689 674 763 753 742 729 794 787 785
